1000
4294967295
282475248
2617694917
1457850877
3262921810
1137522502
2291026257
3622316814
4145580802
1404280277
3653278980
101929266
3771862794
2110010671
2303575390
4047377736
937186356
590357943
2505055135
4075185841
2832601669
194847407
2972422626
1962408012
3144873459
1478446500
657821122
3249730527
3964215211
3954613982
892053143
3152328542
382955827
1227619357
3217961549
4060327820
3955749943
456880398
589673556
889688007
1524325967
681910961
1463179851
2980117466
2464308357
3963343546
4199208476
2465636702
1213110678
1049077005
4211419743
428975318
1351345222
1398556759
3872069771
1023129505
2583960415
1936329093
2452471489
1901915393
348318737
784559589
290145158
3118790862
2609726030
1848682419
3234015613
3903183560
3918507797
3252223678
889119396
4029894192
3714604855
2287486421
1968456300
2446402629
4272123434
957828014
1105222768
3879751151
2601717147
3471085976
1887637
897054848
1796198013
175530179
458588259
834991544
2725617901
2753408795
24301411
2111482796
1760348380
855007064
2527331344
218264606
1363045321
1284660443
684570284
3410180221
1509658265
347221710
3994804259
1135048761
1262976196
3072722233
795054872
3107120949
2980344845
168068959
2692777592
3712158191
4166468571
988774856
3567733759
3448085005
3270204660
1380786642
4118546612
2083245268
1812423302
1518163458
3761768777
1618907919
9135230
2319103848
1939824519
2161102321
3260907579
1168279878
2610966219
3493658187
3670736416
2749399524
222902970
3813673963
118710298
344185620
1026076957
3264150416
2470275205
1790318750
2119315079
2151042919
3199002670
3734385428
263081549
3466308156
2417922311
4196244238
3947293210
911254351
1633413199
1429157786
450031624
1174619516
377901841
3074999619
1476211372
3943223556
2090245053
172556928
3799837834
3799143505
3756489237
476026938
3548978546
2945200261
501848670
2503810316
1421620239
2038299452
3481168995
3697691178
2262791472
3262403176
4245962160
2854126246
3743652306
368034323
4165528581
265963215
2491259618
2373366365
2850199472
4155899691
2925052311
3124744165
2663825636
905333257
2769752389
464685717
1528073013
822102917
987333028
1708006726
2154417399
1427408395
2548686728
1301377875
746232674
1094482709
88949714
1647259578
1115195163
191110288
2709648734
499521037
3155723983
2221020141
2215427433
1152185683
3014167429
318665975
4148755276
3377576284
2029909502
737904106
207314364
2195598099
3987611095
3596014477
412281976
302173464
3405942962
56564047
4134986302
3932592266
2494129200
1141231426
1178402197
3581928501
3374947948
3095196559
1078626765
1121122751
75289718
230168409
3332528314
3459833588
3192623461
3644270616
3192985015
3673163536
2741578478
2749001822
3430554079
2641984167
1931706889
1399116812
2009907126
1844185783
2045329869
2411516226
3656029447
2378850977
2887456022
1626979009
2857781795
1230900940
2582310365
2092396111
3876019797
342695013
320514917
2964833746
3546128146
129154960
2214922741
3891015699
4165842288
3392728895
2554536139
2340441705
895063367
1448891846
3893488432
4072754216
810641870
3624045938
164973470
1025725763
4243171725
3610346987
2305347220
3186592645
3220489592
313952732
172490260
2068370777
421567013
3383745307
3405210255
2938192863
3436258700
2467002200
1030316713
3535821524
3863397745
2915577930
2865401929
1432063066
1293320727
1977466362
3256726535
2714705923
1790245760
1362834839
983645999
2482218152
1706993430
2767364384
2835991229
3691857753
2949266673
158592369
1215867946
767780551
3141894664
4175679001
2255892132
3427227544
224582465
3937148919
3561802554
1545747466
3945103234
3296121519
2842041876
3943586291
3298441108
2669812875
530371949
1795289991
3485886975
4018551424
1451839080
3123616267
2216781601
3983759236
3567883841
2276246349
2526342820
1926818415
1483764287
3370131773
2732550228
2064668381
1680351380
2061702027
3378851189
277117594
3232089568
2401739864
830447845
3932250315
265094609
1822559360
226693619
775171660
3395105735
2484969905
363159927
1441716380
4051250113
2881596367
3649947162
364988340
2304644481
353474901
3807923261
931853945
1995702671
571846522
3849966250
459380632
817391552
1993997924
2912705378
1698961257
2968709278
711443275
1963590645
4170562504
2903527790
1228127126
3902658015
3082444937
2897292573
1973792142
3746457208
1667344271
1314384008
2417899414
2433729002
270649485
1611739815
985509753
1468762965
1834458876
258077411
129412462
3434243172
2262861074
2215856096
2092651978
489115890
961673224
4151097574
1102730552
3993268503
1340040767
3531300171
55835218
3350771737
2406665015
2443225607
3312708962
4051442058
778662570
642551034
3637678571
862332254
3259011541
1931161863
3627388136
878918397
413705650
3506708880
2891439324
3204490968
2831563037
2978372940
3791450607
2065708818
3313190423
432969044
3250772720
2462458179
1124818674
1227559554
3605001044
1813852092
1597888046
3012454975
3340309310
3467115327
85176240
2885121236
368064759
3057684557
3715947075
2932697845
2333468112
3045487633
698495685
2383990781
2274930367
4118824250
3991122336
1817469861
1426671282
4237400064
2489677975
608452374
2753570592
3072672056
3777845541
361813753
8200009
382578172
1435106634
1002804820
201098412
1400258742
2585384060
34519890
234254368
3352507779
64510905
1045927446
3326251404
3765262195
370352185
2964443330
647229180
4059716896
3668930625
3277704475
2344050359
3827095781
661122008
1624842918
3533353255
331211608
977532866
2496294911
359242576
4263680787
716335880
760910029
691812435
3524827590
2228406878
2315447101
3202160162
542708780
3561846450
3574159
2051953943
2502691200
2063637012
546669517
2669345374
1179459081
2143811609
805392550
1600996760
3525448758
2367532281
1854052993
4146737388
4242138715
3931331857
407209931
2953728464
1281934977
1668560561
1897440708
2136018549
1073254664
4103525160
1938090263
1177605153
2712599672
2868191031
3120042774
3580079194
1759229197
3310982248
3020972232
1508134030
1419867460
2741033859
2794870477
2092164732
880378029
1709478703
1292798886
2304332431
2970787685
2987005581
3348160583
2171413357
831898620
2724266699
347077196
3883316096
411610331
3539384449
2303938050
2961283588
1059256538
464383696
2905816610
3090552057
1238320298
2455098385
3220871491
371358048
2951977294
353657795
1180715934
2903116082
1966423893
3879117788
2240699977
2426869223
4228867847
3931362275
657262366
2862313394
2324424918
2585898993
352050956
424052704
530483714
4011481140
1281409025
3049536866
2780546924
3166078395
996502947
1413182980
1207543207
127124945
1585191733
1016168507
3165223607
1087464376
851451193
3513972593
3740921046
1691587939
3953766108
4176448779
4178923516
1779630009
490916524
1849905493
2050098033
3758319766
866954864
777512109
437928108
3916106968
3038905002
3443188867
2427038062
508594895
3609369540
313517515
1573243634
462669257
1802082211
2728810273
1337482725
3130456626
1557429391
886559008
2367079769
3083297885
520717814
1356871291
3317089697
1010026260
3981001364
2538284838
3287648474
3705034993
510556226
4011260051
2230504917
1947138150
1270697083
2601337822
1250086894
2480469245
660405116
2939065262
75099567
1654838121
2797894361
4224643787
3646051653
2479120950
3361801051
26760893
3877268255
3383687492
1096989446
3167055393
3404151733
1558260931
2888770901
2218258347
3026111139
2496520752
2033732743
714335774
3940706511
3095360136
2274283585
3531077704
2596061742
2935652730
2413177164
3893891037
1160834052
1573862875
3327917442
3665366548
3695708019
2543387370
2800620070
2650018517
1133203852
3596199807
1281482744
3910424115
2258882045
1712365580
2184480007
3493577690
669988453
2836008738
3896153453
223548025
4045453355
1323121950
1885943300
809518878
3873621182
3538779847
2488621491
154578721
510796578
2887069681
680778346
2104836583
1422015859
1994802599
1688431512
1398526474
2536519807
2199651152
1038787536
4049048111
4014250478
411980556
484836575
3904009559
1167615734
393112637
4066572105
2747651988
755418454
1488695710
92681611
2671519335
1225521544
2901456079
3854764332
2840921427
127094733
3255318265
1166566974
2107302437
3528791760
2558310822
368682266
4142041225
853380695
1226060619
2328385631
3745456240
1416685494
3235842528
2723026244
3123792596
2521563240
3743368024
4215342767
224214502
2447781686
208017828
259852785
1244629629
4284946864
2286280128
807175912
512090638
288006428
1377979804
3555484585
2901462842
368478899
2411773965
2406147217
2435441075
3052842614
3371394777
331524561
3437288054
2356141193
737223707
4147423259
527116334
3865539808
1260046957
3890907704
2970950382
1201779776
3654518027
2714383820
2257384315
101472952
1705049327
2749019518
1091216404
642607620
236828933
2462441973
485622922
2497607517
1501093334
176842855
273074997
502767894
791615942
2579314182
3628508007
1639869941
28222902
1882691654
2264085628
4159519210
2838805496
2524537835
1382973413
4162603570
1670147525
950951356
2429925952
2879417196
2934135604
3705158110
1859803063
3050379074
3554590517
3487361698
3163655877
3363233663
304160661
3692901343
1615388026
2286067872
3631632054
4286504580
1001481218
457858130
3940855949
2545571119
3902966056
1003245707
2847207437
1955990214
1096883512
2471165125
2023158304
592100847
101331579
1937572062
1148928565
787094441
2062571390
3563778538
3400931843
2946153822
2242777357
1752800049
1362001122
2508107367
3744859461
3586352022
1588552611
4147927721
131297040
2926768120
1032406151
1746721616
2151853272
151592285
2147497101
2088379000
3427760056
1725782669
2636267630
2720223002
2581960942
3534331844
921588418
2047567798
759417217
2434294460
293823023
3613133611
4288854016
422305444
335255576
1329554607
2903128253
2461967856
1118600159
4000744555
2047822109
1846989859
1948318019
2040696005
1936672707
789320623
2183440638
2850783061
1252027080
1968156021
3982578940
292554182
2456401502
1311978009
1133598294
2549352169
1656394763
3325339440
2203126338
3787193150
62783386
3990274619
3715470915
2861396556
2662426809
1743764687
2365836307
2645992622
2585769022
141892289
4254527396
3280110166
2930519385
594095776
3117664650
580563898
4158609867
2517294062
610920364
1167620773
4234387
67989257
1320305309
324436309
1311533991
2968374493
3120053395
305492631
4227196456
2430837103
2422442198
1303373801
2647563159
146704066
1041071866
2451012528
4096080013
2642537045
2681679082
1402209416
484684157
196178887
2164461518
1484404192
2700807834
4181518473
604056197
2575027195
1936766545
1777736810
42146442
3526284402
1859513045
202296702
1849574026
3261230596
3190592374
357237149
3629603760
3628378033
582285527
903866621
905169660
219557883
3072520535
1358406342
3774991097
3055010883
3363382032
929481514
3442543406
3167876622
1105548534
4249478884
2570451604
1679953747
312444007
1569608120
1047738468
2207876858
3558120799
235645468
1671212679
3100994472
2478499433
3423061509
1793029705
1047660756
3651098372
1934004841
375495464
3191779018
1143669835
1543054039
3021459600
