100
5302 12 1026
7190 50 4501
5229 91 8940
5612 43 939
433 18 700
4280 71 6703
1113 57 3899
2444 41 2138
5231 74 6095
4795 53 208
1704 64 1045
7613 88 7961
9953 69 6139
0 99 2474
3552 36 424
386 60 1500
9774 81 8083
2558 68 4950
7612 75 3876
3288 36 624
4173 95 4173
3022 56 3021
775 99 1956
5649 85 4169
5820 81 5185
7605 97 8470
4879 25 1537
5874 13 491
6316 77 2277
4977 81 2463
8541 28 2709
149 32 3192
9152 40 913
775 44 866
2790 86 936
3471 81 681
9257 97 4498
1259 93 5444
3002 9 1053
794 15 325
510 65 6015
2774 22 1222
7357 74 5954
5289 87 3602
7261 60 6093
7903 29 451
836 50 1929
2598 44 517
6553 72 7359
2087 82 1316
5084 19 1330
9308 84 2688
3762 91 4359
69 40 3697
8089 73 3323
657 86 7830
2482 95 2887
5567 95 6789
2733 55 612
9455 87 7437
2981 65 5161
8691 48 537
3447 96 721
6238 50 4489
7553 32 908
8724 61 10
3805 82 4766
8117 44 4143
8982 78 1431
854 91 4383
9969 22 869
8390 37 43
1652 40 628
6063 83 6911
7483 97 9620
1717 98 7060
8434 92 7839
1796 81 7059
8971 72 3829
7917 85 6832
9263 17 450
5380 60 3421
9128 96 7713
190 84 1446
8807 99 4139
7225 78 7690
9448 37 660
865 36 324
1265 13 372
2518 80 7702
4819 67 5002
6588 93 3796
1087 57 4119
1649 17 477
3312 12 651
7101 25 2012
3723 89 2868
2487 97 1889
1488 94 7158
5039 12 1096
