11
331
638.96 552.74
-533.97 600.52
755.56 7.74
853.93 -641.12
725.20 154.85
319.85 245.80
768.57 -922.12
-487.80 652.55
883.59 906.29
-374.04 527.77
718.49 718.25
348.89 472.19
713.90 815.24
-67.41 71.23
922.63 -17.85
-251.61 -915.44
-632.21 931.02
706.80 892.39
-750.82 -375.96
726.53 -552.05
-231.72 852.44
806.59 -513.38
-673.54 139.62
-958.17 -438.60
633.32 -353.16
584.92 -521.92
-612.70 191.96
-502.56 -779.65
-111.30 -411.68
-690.54 25.36
212.82 289.21
976.58 139.63
-853.96 328.26
494.86 -531.14
-126.33 -446.78
-467.11 -741.44
615.03 874.57
-456.43 -47.89
-443.17 218.51
-821.44 -407.90
-607.46 492.53
-342.88 -209.86
125.02 854.63
261.32 927.08
-127.43 -938.44
-79.82 -9.65
701.69 -77.54
342.83 576.78
-978.14 -430.86
471.23 546.75
53.89 -566.66
375.70 948.10
-673.64 -843.54
251.12 411.25
459.61 475.93
-352.50 -130.98
-500.28 408.18
337.35 -946.04
-112.83 462.99
762.95 748.21
54.13 -324.84
-823.19 -258.06
603.15 463.49
164.96 -421.07
-291.10 -15.02
540.71 -397.96
-608.54 -898.61
650.29 -564.60
-616.81 -9.67
3.78 -479.31
379.98 -319.10
293.79 210.19
947.69 591.61
942.80 898.47
850.51 -301.07
822.15 205.20
133.36 -635.48
-860.87 500.61
-435.85 -164.06
938.16 -692.80
-977.73 -509.03
-273.96 -850.11
-961.09 -3.51
-16.84 978.72
-180.12 -43.88
-728.97 -660.10
-742.48 650.99
198.40 322.99
6.44 -853.17
-996.04 161.39
-232.71 118.61
130.14 -156.28
-89.77 -729.52
-122.93 -740.09
213.77 -302.56
-734.85 723.10
214.10 778.22
36.06 167.25
-861.04 -274.85
-761.46 301.44
387.83 -48.24
798.84 754.43
557.67 181.30
439.07 -790.34
-858.93 241.56
-886.43 542.02
-451.22 116.90
-626.26 442.17
205.83 903.12
-35.27 -395.53
-471.06 641.98
-481.23 -563.29
379.13 613.40
970.21 391.27
-350.54 -12.35
304.79 369.16
-79.73 893.56
686.35 -86.20
244.18 67.53
538.76 -822.10
192.21 561.70
-347.44 -962.10
-839.42 -53.05
185.50 -33.08
-451.01 -758.51
593.99 673.04
329.43 320.11
-127.92 -786.08
334.24 239.07
679.01 757.93
932.15 662.62
989.72 -139.41
378.87 578.09
-499.17 -189.29
369.95 -696.78
29.87 -574.54
-208.89 -424.06
771.31 784.59
371.23 955.90
-899.44 -801.67
749.76 7.69
-387.40 455.78
84.65 11.76
391.94 235.17
-534.71 245.26
-219.47 -766.00
855.31 -951.65
573.73 789.59
889.60 -328.94
-372.53 -790.88
-315.54 -328.23
145.47 64.84
979.16 364.46
718.21 789.33
987.15 -706.53
872.55 -262.62
671.65 -417.39
-754.54 879.62
-389.17 -534.10
-906.05 593.09
-665.58 83.83
222.80 -957.30
370.66 -527.35
-916.46 761.87
-759.79 632.28
-765.79 340.94
854.55 446.13
230.50 645.79
-131.56 658.13
737.58 320.84
-35.77 107.96
16.42 -918.60
-427.34 -425.34
197.57 -482.89
-397.84 812.70
-724.77 -280.95
-944.64 -967.22
311.02 -168.70
-514.52 55.55
-524.75 63.68
-281.55 -901.76
-633.56 909.50
-691.92 -416.27
-937.22 -29.53
-392.82 942.33
-663.08 -428.90
-144.22 -86.79
836.86 999.33
-17.76 354.06
-42.24 439.25
742.29 -907.38
-309.26 939.61
933.67 405.92
749.49 774.33
-75.79 940.94
768.13 165.85
-219.60 -193.75
-161.74 -374.28
-866.79 961.79
-218.56 -256.39
-539.85 -127.22
-253.65 -939.57
-519.20 -998.62
-820.76 829.75
62.65 -58.74
-34.76 -884.95
-471.20 834.12
-504.64 -598.52
509.34 90.34
762.09 -848.96
288.67 325.14
-768.58 906.32
556.65 -812.15
154.60 -627.75
300.34 72.10
-308.90 -606.00
-152.89 337.76
482.78 -574.53
-169.08 259.13
-432.82 147.14
887.04 337.40
34.63 423.98
-805.27 -518.22
923.23 -688.94
577.08 369.37
-969.94 831.30
600.10 -454.94
12.41 -400.64
-939.64 697.62
-703.18 65.77
995.94 379.14
464.73 -373.55
-851.30 -479.93
821.61 338.51
-158.19 454.61
-773.81 448.31
971.55 444.24
645.79 -317.96
850.54 317.42
-521.70 -735.35
-568.68 -194.21
-904.77 811.99
82.71 611.82
-256.64 -326.48
962.60 -37.70
37.27 -384.90
431.02 -581.34
-528.08 325.70
-910.23 -865.31
-187.43 -634.48
-78.67 504.92
-62.95 941.77
-980.40 768.73
-713.39 662.00
612.48 475.38
316.55 -615.58
455.78 -176.56
914.70 -913.36
-813.86 -328.68
-627.95 658.89
628.17 382.53
959.51 -864.22
44.39 -90.79
-897.20 344.25
565.51 -996.19
-710.11 -473.57
706.09 -779.05
829.22 320.63
622.08 555.46
-125.94 531.82
-137.52 287.82
328.98 -765.95
-531.15 752.96
-49.94 -521.75
785.30 -468.32
495.26 -828.42
492.10 -77.17
-803.54 -544.91
-231.59 732.30
221.33 211.59
260.37 750.26
-569.33 -444.60
329.33 -969.13
80.12 -320.18
559.67 946.80
-762.87 -60.78
-80.96 311.56
291.31 433.03
-865.96 618.53
-833.56 -789.90
732.58 -365.74
313.08 -141.45
218.07 -614.21
-336.48 731.94
468.06 -476.26
-944.92 445.86
849.10 246.15
-884.05 602.08
551.60 -185.86
410.27 737.43
-172.09 365.82
26.62 682.54
-519.51 10.58
-824.61 -653.56
-899.10 734.62
-692.28 -534.56
682.78 -486.82
-426.00 -856.19
-954.14 484.92
319.75 -231.97
-82.77 681.95
-455.53 959.34
991.74 272.55
787.18 684.42
-905.80 319.53
773.74 308.14
-775.99 465.16
717.04 -313.26
696.22 463.71
708.98 -641.16
-873.54 763.00
-720.82 -508.93
618.65 336.67
760.70 -876.79
816.14 10.68
417.34 -89.51
319.15 -21.82
111.07 -107.11
576.69 401.84
-695.78 -302.38
495.75 -463.34
447
171.39 -60.33
-767.98 -884.29
-969.50 -545.52
988.10 -654.30
19.45 -343.57
285.02 -710.33
-732.04 604.72
219.05 913.77
501.66 950.79
451.77 -883.66
-416.77 -790.86
464.02 -878.34
-54.40 -661.30
-639.52 305.08
-334.22 323.46
-933.19 -321.99
589.59 461.01
864.38 840.89
530.37 442.53
-455.16 -612.66
299.30 -227.24
-402.10 688.64
-198.65 -667.86
-627.59 -323.21
-397.42 636.80
507.15 -921.20
865.96 -166.69
441.12 587.20
-431.56 679.23
103.28 948.25
136.50 812.05
740.75 -737.80
-297.74 -778.22
987.07 -598.93
819.66 -930.66
-923.24 1.18
88.81 566.72
-183.08 250.57
887.59 840.20
-954.40 -144.75
-709.11 -435.28
-0.63 -927.46
556.36 459.33
-132.49 -212.64
897.47 169.94
50.84 400.12
-861.39 -566.76
-574.84 446.18
12.74 -980.12
-672.20 -590.21
-143.95 -86.40
888.32 254.28
834.94 -866.32
-222.99 -824.21
-263.28 -656.69
-859.02 -500.32
362.58 641.67
-766.28 -641.59
-281.41 943.20
405.30 333.77
999.97 126.00
223.05 685.60
-97.71 80.97
-823.41 -585.01
-61.72 -977.30
458.55 494.75
725.14 666.22
-391.96 -127.19
-578.33 993.15
338.21 -44.23
399.29 -149.17
-84.76 165.22
339.12 731.02
-761.40 -672.43
798.51 751.77
-716.89 960.66
888.70 853.13
389.07 -41.08
-779.10 -767.60
-680.96 766.88
-75.32 -574.29
-480.18 -458.06
963.63 847.42
467.05 110.52
518.40 960.91
995.82 -452.36
948.77 -17.03
909.30 28.07
660.06 577.88
605.60 418.92
624.02 -384.53
830.94 825.08
-836.97 -13.33
-544.50 985.96
-442.18 122.99
-543.42 -714.36
509.95 -343.70
706.43 441.30
785.50 -799.79
-699.14 344.03
789.11 -125.41
-201.31 205.14
-870.88 373.23
235.72 996.03
758.09 617.74
858.89 -794.96
19.65 639.07
-597.87 -11.43
718.72 98.84
626.48 -941.79
10.37 289.91
402.60 -748.29
-382.19 -3.45
-559.86 -263.71
149.68 298.31
642.41 891.06
-824.85 -281.16
-672.15 705.21
916.23 685.15
37.57 236.03
-555.99 39.10
-794.43 -695.37
-962.14 -448.19
59.94 965.67
85.67 -92.64
226.30 -196.86
-927.76 -839.61
-315.44 141.62
71.64 365.54
240.08 -944.99
-432.84 -185.01
-488.95 -755.84
-775.77 710.70
781.12 522.85
-789.57 -430.72
194.61 732.96
-131.34 888.87
537.67 951.90
605.28 841.56
665.85 47.10
580.66 -200.21
-43.62 448.90
842.05 72.98
-830.24 -681.19
-282.70 -89.52
-782.16 -169.15
-556.58 859.93
742.90 420.58
-43.09 -63.59
100.38 676.43
-770.38 -357.36
-933.61 318.71
365.12 414.95
-827.91 534.70
729.60 -363.45
-679.92 -174.31
-161.34 566.25
128.65 -960.70
-370.34 877.91
113.12 -898.52
983.12 -625.51
-654.09 -952.05
311.36 234.44
-856.05 470.81
646.65 -35.64
-36.25 52.60
-692.65 -88.79
883.66 -662.27
679.04 -434.33
204.51 -95.08
-458.39 263.67
-738.28 88.34
528.06 538.49
876.86 -970.90
-278.13 131.80
425.26 -785.09
838.38 -815.70
-362.31 -937.02
996.83 891.66
-691.69 -876.56
-238.79 -784.05
762.67 -441.68
571.16 959.11
124.09 -478.98
720.14 761.89
961.98 -659.68
656.12 -72.16
-666.14 -567.55
-742.03 398.83
863.07 -302.01
-548.80 -808.90
761.84 -13.61
582.55 -942.70
-230.93 -881.60
910.24 -234.84
902.48 237.82
910.52 -283.98
233.70 -964.33
603.63 833.65
-61.09 225.71
-379.29 944.71
527.30 -497.26
780.05 -770.44
669.29 461.81
23.18 -731.64
710.04 -795.91
-847.44 57.40
-233.33 -308.71
829.78 -601.10
-457.97 -551.14
586.99 677.07
-708.11 -214.33
641.20 -744.70
-398.45 -421.43
170.14 -532.68
140.20 394.36
-473.06 -705.32
-472.08 169.04
-956.30 693.60
-119.77 -773.95
610.42 868.74
437.50 633.01
147.26 -389.38
7.07 635.71
-157.45 -411.16
-354.00 -66.85
561.10 731.23
424.90 -820.11
-780.35 -422.44
357.27 203.75
221.14 -170.25
133.39 -464.88
903.51 -676.91
-591.04 -324.34
260.74 589.55
-317.27 720.96
476.76 693.74
-577.12 -338.55
247.15 -783.00
-693.03 -427.92
258.72 -610.57
-226.86 -380.16
368.74 -551.51
757.63 161.89
-172.40 -446.67
-131.38 926.04
-50.54 -515.60
-713.44 96.63
426.62 -200.18
-20.37 -897.61
-306.58 -831.65
-99.85 55.11
227.43 400.03
43.52 -493.87
-791.62 -594.17
-709.53 855.48
397.99 546.15
392.53 -564.00
-649.40 -141.57
767.46 -778.03
-454.99 110.23
-882.38 970.84
-370.10 -935.59
-634.06 -972.30
-224.98 -206.94
718.73 694.88
-923.13 495.64
789.66 820.26
829.99 743.15
291.12 -142.88
35.51 -497.38
-247.79 -79.88
-366.38 225.07
-814.31 -831.49
-512.92 184.53
-357.32 -547.21
-313.54 -34.45
-760.86 22.40
12.33 844.21
-367.72 867.69
589.18 197.46
-390.96 519.17
-490.87 206.44
-86.75 170.28
-800.53 -383.21
138.60 -492.55
681.93 167.59
639.11 -783.74
-884.57 -388.30
144.93 557.67
-989.44 240.51
274.29 233.00
993.80 -771.01
-778.35 39.86
-978.58 -509.91
-999.28 602.49
-409.63 537.63
276.52 -568.63
615.95 98.66
598.20 -721.59
326.13 -102.65
512.68 -564.75
-106.50 -487.19
-124.83 746.15
458.73 467.29
757.34 379.46
-223.33 -641.79
188.04 791.79
-612.50 996.91
793.48 994.69
392.84 762.29
949.81 -808.66
170.47 522.04
-690.14 -57.62
-136.14 113.25
819.31 -216.61
-556.00 935.24
-531.70 5.99
790.05 577.00
33.24 -904.92
39.87 -509.78
-706.72 -400.00
-645.07 -923.58
-553.09 274.44
-110.24 215.09
-139.59 -701.28
745.90 426.03
-42.19 -361.11
-757.90 568.60
-816.56 64.01
-616.65 682.53
-506.04 -35.34
166.65 -14.75
228.05 992.42
372.56 131.34
749.39 253.35
-741.61 728.43
925.35 776.31
-536.56 -89.98
415.81 -415.41
754.04 645.23
902.72 -334.30
812.62 -446.56
958.10 825.82
-278.40 636.12
-103.21 -124.00
249.52 -60.62
95.84 -4.31
662.72 -210.23
43.72 -597.24
-10.16 796.61
878.51 -46.21
-933.19 738.92
473.02 54.42
-833.43 766.14
-347.61 -157.41
798.26 332.29
912.17 76.58
108.12 268.85
873.87 521.80
-375.66 -221.71
-880.16 949.49
-147.71 -21.11
-486.06 -883.93
-924.44 -882.83
902.28 -137.20
210.85 -375.28
477.65 -648.30
914.32 -458.52
-902.67 -264.58
-501.88 923.98
-220.75 -28.79
-158.90 -981.80
249.29 -828.10
-281.57 301.39
856.99 369.07
576.22 322.30
613.86 -285.79
629.11 -860.21
-774.19 -373.31
-800.62 750.80
230.62 -888.31
-160.54 -27.95
-895.91 545.36
602.87 707.54
-211.07 -710.73
959.63 446.57
838.20 423.43
-553.25 445.24
753.13 -52.59
-279.77 687.72
-477.56 -404.33
-857.28 53.68
861.72 -43.32
91.87 933.42
688.03 -947.14
-909.34 -159.94
104.17 332.65
293.08 -937.89
-9.98 -607.60
-210.60 -70.39
803.96 -271.92
981.87 204.15
940.44 -45.96
921.92 890.50
418.44 788.30
0.05 238.68
-824.92 633.82
-264.10 864.37
817.93 -342.15
719.88 -226.21
75.85 -266.61
478.08 780.39
-136.79 -364.56
-51.39 903.41
-206.06 -668.36
-619.69 -916.48
47.26 993.94
-561.46 -183.98
-870.59 -769.87
-364.23 1.71
-875.48 394.39
-347.79 -559.71
213.27 780.54
517.32 27.10
-712.17 -709.99
-619.45 -45.72
-101.09 -216.96
-744.11 -722.88
963.23 -924.72
-793.33 -999.66
-469.02 217.82
855.46 -929.20
-644.23 -976.04
-289.68 -131.97
837.35 234.35
-945.88 579.30
-452.76 -354.90
366.69 -9.20
-513.00 200.32
850.23 -70.87
-525.22 -758.13
-68.66 583.93
617.29 243.99
532.04 607.06
-327.29 987.41
-73.04 286.22
945
711.04 372.58
324.84 -207.08
-469.23 -729.59
-938.29 -627.98
-44.84 383.82
-279.61 370.39
783.36 20.15
407.75 -934.39
830.72 -35.48
961.30 -995.06
274.85 -861.96
828.06 -773.68
-784.74 281.32
625.14 87.89
-95.15 -856.33
-108.37 -756.48
232.47 -472.91
412.79 2.55
-949.15 279.04
110.96 406.62
-966.74 -716.58
339.65 378.62
-912.52 -72.49
160.45 -716.50
377.46 964.96
413.91 -856.16
210.28 896.78
-944.44 973.48
369.59 -881.31
872.79 -278.84
251.40 -562.71
936.84 804.78
225.15 -482.81
-115.50 380.37
852.42 403.55
958.80 86.27
-823.62 -415.89
605.77 238.23
424.34 -647.29
-836.68 -53.73
978.33 -79.14
-632.03 -797.87
-114.91 -659.55
713.25 780.36
469.93 -989.79
-269.24 -689.39
163.75 -811.29
167.01 -818.79
158.08 617.43
-113.97 652.81
-751.51 680.86
-814.70 379.87
-35.71 -738.58
732.47 -755.07
142.91 653.18
-187.89 -211.78
-748.15 892.61
-1.03 469.27
614.29 -217.29
989.60 -91.87
101.61 -86.79
14.95 -108.56
164.74 224.31
-611.96 455.14
643.57 -978.76
271.42 -397.13
-354.67 692.97
968.12 126.10
-371.82 -282.07
-433.02 -301.16
908.91 328.67
-961.57 637.51
-509.82 627.99
-820.82 -423.49
17.80 898.02
-657.82 812.17
-615.27 -172.94
-619.68 402.59
999.58 427.71
-271.59 322.79
438.01 319.19
354.16 812.57
615.66 -114.40
-112.95 -59.64
155.60 -911.32
-706.70 -682.13
-423.42 -423.94
-309.85 -854.69
75.77 -384.94
-51.34 -558.42
286.35 697.01
-355.91 -884.06
367.50 -665.06
-487.53 -537.00
213.55 -984.23
-85.92 649.52
769.32 -969.89
-231.95 865.93
-957.65 674.14
-76.10 -203.34
110.09 896.07
972.12 886.84
772.26 -465.59
466.49 398.14
527.82 434.73
274.59 34.60
-620.11 924.07
23.45 -518.08
-130.59 -109.43
-225.47 -44.89
-623.85 -855.92
3.84 82.67
-378.61 -669.70
-952.85 -641.98
791.30 -25.68
449.97 -326.56
336.18 -61.53
-567.05 -937.65
-995.18 -37.75
-804.15 -908.95
394.35 214.22
661.20 298.40
178.76 -23.76
-246.12 587.56
-542.84 -900.48
-890.31 679.04
766.48 -641.03
-593.75 -509.91
506.87 -713.56
336.86 377.08
-92.58 -522.62
885.97 -677.53
-894.06 916.96
550.92 48.10
69.31 -644.55
-617.36 -29.43
635.12 48.81
511.48 -865.86
-961.53 -321.02
255.17 -276.29
-333.08 -311.85
924.03 -957.93
805.61 34.67
-513.46 303.71
563.62 -877.08
534.94 679.16
887.94 343.95
376.99 -48.86
948.28 -728.87
-477.19 -243.90
-667.53 462.28
-99.20 -86.09
875.04 737.93
-462.64 284.70
795.53 -250.21
-5.41 17.38
38.05 -204.24
-811.31 554.57
-483.25 416.35
917.64 -623.55
222.15 -959.18
-156.81 413.62
-629.05 259.66
341.18 344.67
-401.56 651.01
-375.33 -69.95
357.23 -819.30
-367.02 -824.07
-182.57 652.22
405.38 -48.26
486.20 47.15
-963.23 341.41
-319.01 -955.91
332.79 -309.44
-512.17 -721.42
328.11 -846.62
-706.99 -228.34
699.46 525.07
341.05 -769.57
342.31 47.32
-859.93 -112.18
-29.08 261.00
-306.90 -176.96
906.16 523.96
657.20 103.78
163.69 -920.59
-201.06 -187.28
557.66 -961.23
237.82 988.56
251.57 942.96
-610.23 571.74
-900.03 507.80
604.53 -913.89
-240.42 -651.23
281.14 -741.39
-73.10 -634.64
154.29 -712.64
872.75 -342.59
-153.77 755.90
766.56 -989.30
-253.53 -517.58
-494.17 -691.96
7.31 -992.38
892.50 -147.87
628.47 209.17
894.37 -740.73
-222.61 -480.20
138.57 738.53
-750.93 264.31
803.17 -776.94
146.14 269.16
774.58 841.95
34.07 -660.80
359.40 -354.83
-898.14 -949.46
-682.79 807.07
-322.34 -435.34
-784.17 -314.25
-359.84 -725.48
756.97 -294.00
375.07 476.00
356.31 73.02
44.13 -425.94
-845.25 538.90
-682.64 671.35
-186.51 -775.38
325.53 -437.31
446.55 -630.07
64.36 -312.62
-693.44 809.91
-542.91 -464.48
468.84 -934.00
355.89 996.54
347.47 -845.29
651.04 -512.04
-392.16 -297.46
-4.70 255.45
752.26 -435.70
-679.46 61.58
-38.36 -678.03
979.20 -314.91
203.01 -377.93
-199.32 329.89
-788.61 -426.27
-615.70 491.45
-503.61 419.66
962.13 331.36
-855.09 -773.00
440.49 539.21
4.64 -875.81
185.37 795.45
211.30 -145.54
659.98 -951.50
-698.94 -346.65
-852.39 39.81
443.94 920.02
-278.98 -662.72
132.89 -865.86
-122.47 48.76
-639.55 -917.31
-587.83 -463.11
-618.21 -326.08
-244.30 -934.61
-556.97 -707.46
70.37 876.11
-286.95 -899.79
-781.52 -499.73
521.11 -98.85
42.36 -773.96
128.25 -265.96
222.46 817.33
-433.45 993.65
894.96 -463.61
989.97 347.86
690.20 949.08
-21.14 -76.77
-988.16 858.88
707.30 488.96
325.40 87.45
-209.32 397.46
-707.37 -664.45
602.72 -603.61
616.42 -260.74
600.61 457.60
-323.04 705.17
-441.30 -716.63
256.93 660.34
641.71 948.80
-918.86 -181.20
3.80 192.74
-715.76 -636.05
925.80 283.39
-166.64 -35.70
317.48 -131.17
-934.68 -418.94
227.57 60.26
-359.24 46.26
-404.54 361.53
449.02 -814.92
226.01 1.91
-221.67 378.85
-789.95 -113.56
-301.53 435.80
278.50 -53.78
-115.79 -379.04
-95.58 18.88
-872.94 297.68
688.64 -491.59
-337.21 827.73
758.73 986.58
-852.06 -345.88
918.44 -768.29
877.98 -932.82
644.43 896.43
542.02 616.31
493.70 -897.50
356.60 -92.86
44.77 932.12
-880.08 -405.64
677.67 -589.26
-77.77 -285.73
230.29 -239.56
754.52 759.50
342.02 -213.93
-760.48 570.49
764.50 -80.33
780.60 -199.60
-38.15 148.70
-67.45 838.13
373.11 448.31
690.08 132.37
243.07 -487.26
31.36 -808.80
-938.61 -196.95
-753.37 -312.26
941.94 -663.98
651.92 -307.12
-336.32 530.92
-341.50 436.77
387.86 -966.39
-738.30 -593.34
-420.83 -152.63
943.37 -722.25
-304.12 -272.94
644.86 -981.07
-713.75 764.12
931.81 396.35
-881.44 -738.88
516.17 674.89
879.03 489.46
-670.69 -85.94
354.46 -309.11
317.20 737.03
558.69 -842.73
80.28 -810.15
-601.81 -959.71
16.02 -433.25
-840.39 -95.69
-512.68 -242.40
918.78 244.71
598.23 23.45
861.15 25.67
483.52 -281.41
-519.64 581.58
253.98 808.98
315.79 -740.23
842.84 73.86
290.67 -754.12
-678.59 -424.08
-643.74 -481.16
420.36 969.13
-381.96 -853.93
322.05 -486.83
-324.09 -844.58
587.94 -685.07
615.28 -767.51
-216.74 -833.60
-776.13 -744.27
-833.86 -136.48
-20.61 230.01
409.83 -980.51
322.15 657.38
-121.77 788.71
538.15 -409.18
-882.60 -371.90
935.80 -855.21
-586.09 -742.00
360.36 -949.37
-67.11 -260.65
-511.47 677.62
-395.27 -126.82
-779.07 -66.57
-778.78 698.64
689.43 240.75
923.81 260.48
-333.01 189.15
896.24 545.92
124.36 797.47
446.39 -453.04
-838.57 643.64
-92.87 -466.71
274.38 -436.08
68.46 -617.15
662.93 936.40
-634.37 723.39
462.37 278.35
201.68 890.74
385.80 -792.38
254.91 639.24
-344.80 -862.28
-528.41 949.54
663.98 -507.03
746.50 -435.33
507.81 -117.62
201.60 506.26
299.26 444.33
-557.72 839.99
-915.43 72.31
938.21 -391.70
907.77 657.06
-507.42 -241.38
562.60 -102.97
123.89 -729.86
286.12 355.58
636.03 502.89
654.36 -373.54
975.31 -951.28
42.24 -293.85
-835.53 -943.15
-272.50 540.59
-33.60 197.80
-201.16 -920.10
-127.20 145.16
-376.44 130.65
-40.48 613.07
-825.06 -388.91
820.41 -58.70
-756.43 -867.56
-4.52 -866.28
-618.73 -799.41
-209.34 284.02
219.81 315.78
253.13 99.54
214.02 -738.77
820.50 127.33
-531.55 123.47
-438.51 120.02
-776.12 181.44
-242.27 -949.51
258.40 -100.63
572.40 -967.98
66.88 -199.11
260.73 220.82
-77.87 328.35
-334.03 951.89
746.07 -473.87
-977.06 -206.94
66.91 -125.24
264.27 -804.00
178.22 596.79
86.08 231.23
-540.16 -58.60
764.48 362.60
-522.08 877.15
-16.36 -734.58
148.19 -479.12
331.29 121.88
42.75 948.47
-914.55 -671.06
-495.80 -85.43
118.40 -770.82
662.77 -517.87
-866.86 -518.94
868.79 -805.78
37.70 87.85
-24.60 -587.56
-594.27 -150.38
-744.80 728.61
-62.11 -260.21
282.18 -160.53
408.79 164.08
434.07 -855.92
275.78 -930.50
358.35 -617.80
533.19 799.22
760.53 -275.97
-783.78 925.78
-692.53 -214.99
522.31 757.15
727.19 428.15
-935.11 681.62
-633.22 -2.60
-824.13 -579.18
86.17 785.55
-769.60 -935.91
175.88 -941.70
286.49 -654.57
690.17 -773.18
197.88 -675.26
132.47 754.03
236.21 297.77
188.35 570.60
172.89 -798.33
413.92 -803.51
817.12 92.35
-297.32 -889.09
698.59 82.83
620.47 -922.46
-548.33 -557.33
-60.07 451.15
-12.69 -338.28
367.75 505.29
356.38 448.68
-219.70 905.44
280.37 -505.88
581.65 135.78
-405.10 -623.18
-821.04 -454.67
-80.32 260.35
-691.26 -389.47
119.81 -457.87
932.45 636.06
-486.36 113.65
-326.81 -954.52
-942.55 953.61
-408.55 975.58
957.76 -693.48
758.10 -831.46
55.89 -217.41
409.16 201.15
373.67 -720.06
320.77 -188.91
8.80 783.43
929.07 41.02
373.19 670.63
573.98 387.45
169.67 -996.48
836.59 -852.61
-890.70 -667.27
3.77 -231.31
-376.97 186.45
-773.74 949.38
-718.52 34.73
500.35 -300.63
405.30 -627.11
-872.99 830.41
808.92 731.69
110.39 -203.52
-356.00 -171.65
373.98 33.18
497.56 763.26
-246.62 -46.19
-117.51 893.80
531.29 -510.71
356.68 -531.15
-961.93 332.69
881.17 825.92
-381.89 -104.17
61.80 877.37
-66.10 -960.34
975.13 -930.65
-713.13 -224.87
818.55 915.14
-247.21 -476.65
130.42 -140.06
296.45 -391.77
246.46 -666.67
-949.22 -252.71
615.92 -809.02
381.23 777.12
546.44 -358.50
-318.34 300.30
894.24 -339.35
819.39 927.20
756.78 756.68
355.65 8.59
-571.00 300.62
229.77 908.54
148.25 -948.13
858.72 293.63
-445.31 700.17
-120.62 708.81
-356.02 339.91
-853.13 683.24
544.39 132.88
-818.13 306.89
-686.71 189.50
-259.97 -433.17
494.37 726.52
517.22 870.65
657.34 963.18
937.34 691.12
-386.80 -12.40
-243.67 306.09
330.84 -232.33
-356.99 -52.63
555.36 -844.62
-971.00 -702.35
304.09 -895.33
690.19 101.40
788.70 416.70
567.89 -962.74
218.39 867.82
-617.09 -183.27
456.12 623.29
121.42 -811.98
-369.41 -45.19
672.00 -893.12
16.92 493.05
410.87 -861.81
785.65 -339.44
406.59 -575.18
-550.60 424.62
-902.36 475.79
700.42 709.62
424.10 -211.36
-669.08 782.37
294.98 -844.01
-130.32 -483.36
-706.15 -156.15
13.52 685.30
195.62 565.90
60.33 646.71
634.78 -681.99
319.00 -140.32
486.79 -72.87
-546.03 532.28
371.29 -265.46
-25.72 678.95
490.11 -873.91
-898.62 791.42
-135.20 -593.77
316.02 446.45
-474.95 -798.18
832.08 -407.96
-775.42 344.70
380.70 -779.02
25.01 -177.79
551.80 835.29
199.13 519.47
919.68 696.22
241.76 550.41
-581.38 -411.99
10.04 -914.46
-536.86 -639.82
-724.66 -863.76
-543.34 341.71
262.89 -635.89
205.35 333.72
-583.03 655.74
220.75 -655.99
202.67 -378.07
642.18 57.92
592.03 21.54
377.25 256.10
602.70 200.97
980.64 -11.69
797.09 -484.60
113.42 383.43
-89.29 -812.16
-535.91 476.57
170.03 -19.83
617.91 -943.96
-924.46 -785.19
-436.14 847.02
842.59 385.86
850.46 650.37
-909.05 -49.49
-710.88 951.16
158.97 562.98
3.44 754.02
786.65 832.99
-92.61 -590.81
-11.60 -269.47
-745.95 -180.08
-138.89 -478.21
133.89 -487.20
156.87 -826.28
313.64 -88.21
876.03 -79.61
979.47 660.37
647.09 609.67
-606.20 -804.56
397.58 -351.39
-468.65 -580.87
-267.04 785.83
-365.70 -437.50
-551.78 -588.63
-187.53 -278.84
-935.36 -362.44
56.51 -43.17
206.28 -363.83
233.16 -678.71
730.11 215.67
95.11 -715.80
-548.55 934.66
-309.94 705.49
480.27 543.38
-613.19 990.88
-981.12 -872.67
-55.93 471.00
-394.18 -260.11
-718.12 -892.71
-415.13 759.28
40.85 726.90
-910.96 436.18
856.83 -100.15
538.29 -430.48
902.46 -758.52
-344.68 -542.45
-751.08 -464.26
640.78 269.54
-444.82 959.29
-644.98 636.46
-200.78 -96.27
87.68 711.55
184.75 -665.04
-866.96 727.03
20.90 162.50
793.08 721.58
563.28 -971.95
-454.59 -466.59
723.27 772.70
-846.14 179.35
-710.83 316.86
808.42 -952.35
-613.44 247.53
303.42 400.94
-406.49 -831.49
737.81 -894.71
-239.20 650.29
-908.17 -494.50
52.29 -953.32
611.77 824.83
398.77 -9.98
797.99 -325.41
540.34 -443.82
833.25 -117.48
762.46 -914.32
597.40 -46.14
976.70 645.20
905.12 191.93
920.64 -762.60
-369.37 301.36
-623.17 187.84
-840.23 285.39
451.35 29.83
-365.05 454.98
453.70 308.47
948.47 419.22
80.58 965.99
648.08 359.65
-390.78 -484.19
-609.35 -211.95
-725.82 865.99
-696.02 -810.87
177.66 -643.32
376.28 -751.76
-0.87 -285.08
-363.34 -676.74
327.02 363.38
-687.04 -753.61
-573.64 260.24
697.08 175.90
946.98 -757.40
-638.29 158.38
605.15 44.65
-844.72 -479.13
638.84 486.38
-174.37 -116.98
-237.83 -395.93
826.60 -187.90
147.59 -475.09
-832.71 803.31
-455.19 -162.86
947.61 -849.91
241.03 912.32
332.79 919.94
163.05 262.05
644.24 -519.75
773.52 -334.23
-6.56 -800.61
-363.76 139.91
983.73 -897.82
-82.63 -396.68
974.23 364.31
389.02 -883.46
-454.59 -581.61
-776.30 -590.86
-431.64 622.87
111.47 485.04
509.14 -76.48
949.51 7.19
-546.31 -439.28
-376.14 725.11
-104.20 -815.36
-979.09 663.36
554.22 -962.66
-805.54 -139.14
830.54 906.45
823.59 460.31
-41.67 -61.75
-600.58 626.80
228.37 -585.28
226.64 374.70
-291.38 824.81
-785.05 -789.86
-936.11 530.43
366.47 507.84
-890.32 204.22
112.98 -952.21
29.70 927.07
542.64 -793.73
17.38 -687.47
960.75 -174.55
173.62 656.53
695.71 326.50
112.22 211.70
118.26 944.82
79.64 -160.84
551.90 -212.83
-951.37 -749.99
-377.62 808.95
386.04 847.87
386.37 424.29
-83.34 102.05
178.16 -106.11
-918.74 -258.35
-599.79 -418.18
-749.74 -463.26
849.23 435.14
494.21 695.27
-835.64 757.43
-133.81 498.85
-284.60 948.04
-250.18 -430.50
-812.36 401.12
773.38 445.99
-271.39 -857.87
542.39 -24.44
-50.95 675.27
-397.88 -253.26
157.34 -642.35
-542.48 -257.48
678.05 295.19
-279.52 -74.02
-0.56 -694.77
-863.28 299.24
-635.88 -855.52
-526.89 -472.76
-444.87 -91.74
-944.48 720.44
-764.36 452.21
135.07 973.05
-836.38 435.13
521.82 370.41
465.41 569.71
-469.50 54.78
914.11 279.97
-874.01 859.38
-394.31 -60.50
-216.08 421.55
-836.17 -886.91
347.58 -272.21
239.78 183.54
-640.92 -1.91
-384.84 -413.61
282.29 -653.74
-962.83 962.52
-882.60 -987.90
619.01 833.27
-510.38 -157.83
-325.66 837.71
579.69 899.87
-499.76 -358.16
342.98 215.18
482.68 862.98
940.03 462.29
103.93 282.14
779.30 -742.74
-159.60 828.06
176.58 -460.34
419.66 214.92
208.66 68.45
-742.60 -56.60
538.83 998.18
570.98 257.06
-476.81 211.75
-336.76 132.22
-767.73 946.22
-167.59 -328.30
-347.77 -445.86
-84.70 -151.25
-156.15 644.55
-564.54 -455.66
279.67 434.29
-85.47 508.04
-915.61 -797.13
-993.66 -215.98
278.70 -188.32
299.09 743.47
-245.54 -182.36
-667.89 229.69
-683.69 942.27
-987.04 -0.63
-282.82 -742.37
-301.44 -374.42
376.71 -321.80
280.59 509.31
-831.55 -92.73
-707.96 -825.26
742.95 -917.34
974.36 10.87
472.25 290.17
468.11 -732.09
-983.87 -277.15
875.69 547.11
478.12 -584.93
340.54 712.52
-312.50 813.46
304.35 300.55
334.10 -306.82
-390.10 25.29
-849.33 -16.68
467.16 -810.51
581.91 266.15
-562.15 -5.92
986.78 -539.76
400.23 445.99
565.82 -914.81
169.97 -708.15
999.07 -122.58
666.90 -168.02
85.05 -549.51
791.10 -278.37
131.33 -447.26
-414.96 -22.42
-402.58 693.22
-633.85 -348.39
504.47 855.66
-160.58 798.43
-836.12 649.36
281.62 783.35
-502.38 -701.04
880.39 -654.64
947
296.14 348.52
-323.02 -186.68
371.39 190.54
-515.19 -268.59
85.56 125.33
-451.93 -132.63
-16.78 177.77
-721.30 -592.12
92.42 52.70
96.41 581.55
324.86 594.97
-316.81 412.73
-699.18 -405.52
-463.01 425.41
-177.78 881.28
-133.33 845.87
-609.08 -619.03
364.39 537.00
-400.27 816.27
-663.74 -25.46
-620.93 -468.70
-265.04 -52.21
234.44 380.16
-514.68 -25.79
474.26 417.09
-246.72 770.35
-620.46 -100.27
-358.61 -545.55
-55.88 -340.28
552.55 568.01
323.14 268.97
-128.60 841.72
647.51 357.18
-634.39 -679.97
278.12 675.05
-221.52 -58.01
43.51 -82.12
-13.15 -250.88
-435.40 -591.01
-557.09 -71.31
-239.78 912.87
997.96 399.73
-13.32 220.12
-206.23 853.49
-335.18 -81.00
-380.85 850.65
755.15 259.97
-491.50 -504.83
33.30 -54.05
456.63 508.46
-547.42 -554.30
-36.08 482.71
130.03 -215.23
-443.95 -39.60
-573.87 -305.96
-59.07 427.43
-294.57 -47.92
-26.67 684.56
-816.11 -543.57
-673.13 -373.61
256.88 169.27
-561.55 -39.97
-623.86 -688.14
643.16 326.80
591.91 543.52
-261.60 327.54
486.23 618.60
-485.36 -549.91
-653.60 -765.37
-560.84 -696.44
-270.10 -464.66
-404.00 842.89
-306.30 -168.48
-555.14 -457.04
338.93 -54.68
-468.96 -190.37
42.52 534.97
-363.46 494.36
-683.03 -535.13
515.12 165.25
-729.03 -698.71
-576.58 -375.59
19.74 765.43
-95.67 835.72
-457.72 460.90
24.64 285.35
-176.82 325.10
-164.96 -156.60
-600.84 -566.67
-237.23 896.96
-531.28 -33.50
370.71 667.53
-622.90 -611.40
235.48 34.72
-323.02 -111.94
562.35 198.99
-128.97 -243.32
-673.52 -760.86
-671.75 -98.37
-530.60 311.12
218.03 723.34
816.72 281.34
-788.93 -578.62
532.52 204.29
-280.28 35.85
-158.05 -405.16
39.73 108.88
-194.23 -117.50
-354.56 782.61
498.70 565.11
-681.11 -580.65
54.46 -149.46
-271.89 506.17
282.40 647.54
-432.22 -303.26
-230.43 526.89
-72.58 453.66
-319.84 528.02
-623.52 -80.39
-466.87 541.76
-689.83 -448.00
462.57 205.29
21.18 2.47
154.03 178.56
287.67 -21.88
-282.12 260.01
68.81 704.53
-23.17 635.30
624.13 442.26
-222.88 526.56
-136.37 645.18
-364.73 589.66
199.25 236.42
477.97 446.67
31.17 146.74
-610.66 -47.21
-94.95 -250.84
-50.41 273.76
427.26 519.91
-334.04 -26.67
-638.63 -372.79
-127.33 813.41
-653.21 -583.85
-130.69 279.70
-4.16 37.79
246.10 -66.92
-677.10 -368.72
-267.39 435.88
-57.20 861.97
-201.65 699.87
709.67 309.69
472.92 167.70
-429.28 556.04
-353.13 176.71
-436.36 467.70
-531.74 437.67
-240.18 866.27
62.51 309.88
46.49 108.12
920.20 387.58
794.28 432.87
102.23 734.14
-35.42 348.10
-246.86 662.36
-210.97 170.58
-215.39 494.33
-227.14 51.91
129.48 613.79
-245.02 205.10
256.97 281.64
-17.88 330.32
-83.26 857.28
-458.98 -333.67
-410.94 673.47
-484.05 131.10
-197.46 26.74
-369.40 448.39
-378.13 16.45
-71.96 373.93
93.91 575.85
-51.61 772.52
-1.07 55.49
-377.44 652.50
624.61 456.78
63.54 85.95
193.06 -116.44
-334.34 793.39
765.69 386.03
-178.69 -409.17
-142.90 659.62
-230.20 241.61
852.38 306.72
-650.48 -326.40
-398.75 -402.91
513.79 505.09
39.51 -159.87
-421.21 -560.38
23.85 176.70
-431.49 -282.08
-871.87 -890.23
246.99 401.84
-817.22 -755.66
376.25 170.88
-484.65 189.26
-450.94 473.07
-132.12 175.97
-834.64 -734.08
579.95 370.21
112.43 152.09
-165.05 -131.20
-480.71 341.90
-604.60 -599.02
457.45 40.00
-204.59 -205.98
-343.80 370.73
-499.72 116.24
-190.66 316.78
-345.80 -372.53
629.45 508.19
-413.71 373.50
158.28 114.73
-279.51 -41.64
-169.70 596.67
-436.49 -407.60
637.59 462.92
-586.13 173.87
-229.73 226.41
-425.48 690.50
-149.68 -321.47
-95.72 328.23
-202.12 740.30
249.88 146.76
-307.48 554.13
116.51 -173.61
-223.29 384.52
-261.68 749.13
-217.45 616.96
-714.11 -380.41
-487.30 -100.39
420.00 161.97
-727.76 -547.04
-81.48 814.16
-148.31 -333.48
-114.61 278.18
-51.10 346.46
-174.32 268.87
930.26 409.42
571.06 218.71
-574.93 -690.19
-349.79 454.35
-463.86 648.49
-637.35 -257.63
-311.38 193.18
-768.53 -640.14
-388.57 -8.31
-76.56 156.80
431.36 261.26
-52.63 -12.18
13.52 493.82
-743.65 -661.99
-163.01 -155.84
203.03 688.49
-383.76 -384.37
-228.08 -259.89
670.83 433.65
-252.92 671.05
-148.08 87.59
468.09 281.57
-312.79 562.47
136.04 -2.95
-156.52 143.46
106.24 334.43
-711.00 -732.71
225.52 -43.09
-398.91 819.80
-210.39 856.45
51.28 -43.14
54.56 -169.24
347.88 403.16
-285.21 -250.95
-396.26 366.34
757.35 393.57
205.58 -149.99
-648.74 -382.42
-420.36 356.03
720.76 459.99
-662.80 -354.43
-293.47 270.59
83.58 28.86
-660.39 -162.71
602.22 551.24
-27.70 799.89
-373.63 -132.08
130.56 -171.69
-545.32 320.56
-477.14 -252.78
-56.69 731.58
382.38 330.49
-533.16 280.91
-222.45 439.98
24.83 -123.63
144.90 308.95
70.47 794.68
-262.10 950.29
-374.84 -405.51
271.20 417.71
416.92 83.85
431.12 388.80
454.15 500.47
284.48 11.46
-602.87 -197.24
-759.40 -761.19
602.51 407.06
-312.12 -217.94
912.10 374.66
-234.95 22.73
-824.67 -620.05
254.40 433.22
-483.84 -174.87
5.66 434.73
-389.01 -529.93
-243.89 116.67
-462.76 -129.64
656.02 541.46
-267.78 674.81
371.99 417.01
574.10 525.61
427.28 527.84
-828.32 -673.20
-362.45 999.95
-160.20 -420.88
650.73 218.07
588.91 177.51
-774.13 -776.05
-448.05 222.18
-146.18 266.11
-449.32 479.05
807.47 459.95
407.70 592.82
-231.81 114.36
-561.46 -689.46
214.97 38.77
497.86 213.83
-356.76 -425.58
751.74 427.01
-674.34 -257.35
799.64 379.98
0.06 -256.82
-426.52 -475.05
527.88 463.75
349.80 395.85
-48.06 262.77
127.73 556.47
-223.76 446.56
674.72 473.65
-707.76 -390.63
-75.76 732.48
-14.50 535.84
-831.11 -874.58
525.99 282.62
-239.06 342.76
570.10 510.90
374.59 76.09
-415.70 -355.09
-248.19 859.28
264.38 292.64
7.19 667.86
503.81 421.09
-275.94 -210.69
-41.14 158.87
198.51 521.54
-259.52 -79.82
-120.54 -33.33
541.86 126.64
-620.65 -407.39
760.46 376.27
163.00 384.97
-469.51 129.58
150.59 -187.67
-489.00 544.02
-293.35 765.60
81.83 733.26
541.65 380.12
681.40 512.55
-566.96 156.74
-427.73 279.67
-303.10 -180.10
-459.33 375.51
-183.45 -208.62
-79.50 -244.12
13.00 272.80
216.94 111.63
-317.02 385.17
-322.91 -68.70
-320.99 235.43
-368.46 -333.09
-399.99 593.76
-357.40 732.13
455.03 51.01
-35.72 481.09
96.02 297.59
202.63 350.25
-342.08 152.92
165.39 309.73
-357.10 -397.17
-284.60 26.68
53.04 660.68
-825.37 -726.41
-447.72 -34.57
-576.67 -413.73
-75.86 723.51
-576.83 249.54
-26.43 488.74
319.72 529.88
-70.26 219.11
-537.57 -311.70
-127.80 746.91
-206.17 723.12
-277.99 -252.89
-406.59 702.06
-14.73 390.53
-503.85 -95.89
-821.99 -809.90
-384.80 -413.18
-68.33 -51.50
105.88 564.54
162.59 267.71
-63.84 620.43
-357.47 -530.42
293.94 344.87
-402.36 -476.06
-490.78 -228.43
-613.16 9.84
-659.49 -507.02
-617.97 140.29
-619.37 -366.90
-450.80 -590.72
-321.20 207.25
961.30 391.82
-17.21 641.42
635.16 500.67
-239.42 728.14
-242.39 291.57
245.83 333.15
463.89 343.63
-356.55 340.35
-405.03 792.59
18.97 64.46
130.16 277.61
-545.27 -114.75
-825.65 -814.60
346.36 98.66
-82.60 400.91
-344.99 905.17
0.71 224.44
-245.56 -245.71
-585.16 56.85
843.71 415.79
569.45 573.96
-344.20 630.65
-310.00 50.49
5.33 826.73
93.42 -222.49
132.80 -43.15
-399.37 719.63
-334.11 499.44
-440.37 -546.47
652.43 352.60
-487.05 -571.65
222.87 -26.00
-83.69 566.75
437.57 379.20
950.57 410.68
-679.91 -266.07
-848.66 -786.16
-163.71 505.95
-768.96 -437.01
-334.79 397.70
-12.32 315.33
-206.49 584.99
-379.97 383.86
-87.60 341.41
-599.23 -152.65
367.31 70.25
176.64 305.77
200.93 121.12
-490.78 503.84
-457.46 79.82
-366.76 882.15
254.64 -99.13
451.25 421.95
-114.24 715.30
-344.95 -366.33
-686.26 -247.56
-535.45 -405.06
106.19 55.53
-666.91 -572.86
-411.98 377.94
465.06 507.71
-462.12 623.42
78.99 -246.88
-474.66 345.74
385.11 -29.76
-317.53 540.02
-721.48 -281.24
-127.31 -34.97
-70.18 237.03
-358.41 869.79
140.19 221.87
-226.52 -336.80
-27.34 323.58
-682.21 -254.94
509.43 590.44
-293.57 -179.27
-456.35 -115.20
26.20 583.59
-382.17 545.43
-229.47 524.32
-162.10 286.12
-552.15 -528.05
-160.28 -294.45
773.74 281.99
-7.30 285.98
-558.19 246.36
14.22 621.03
-404.52 -84.61
-321.31 493.56
-356.09 613.59
-395.38 -227.81
-251.86 441.29
-729.53 -506.66
38.66 410.41
-879.96 -844.60
653.31 188.89
314.47 643.65
97.35 385.88
151.80 730.23
-272.40 -134.65
93.79 246.39
-149.04 406.83
299.86 69.87
-16.76 526.15
138.65 24.86
571.36 214.00
-374.78 170.37
-278.44 322.46
-256.17 671.99
332.65 131.21
-385.60 377.21
-242.23 -299.74
-50.90 804.05
-253.35 748.81
411.79 57.30
-225.74 -249.11
-307.96 -463.25
517.08 496.34
-801.23 -688.20
721.33 379.67
-491.47 -4.35
-484.36 -57.65
-125.71 351.81
190.09 -167.46
-42.85 786.76
-526.10 -596.48
310.44 384.21
-402.88 187.37
-180.37 -155.51
270.06 -91.48
-746.72 -467.56
-333.48 743.07
-299.56 605.13
-934.70 -973.68
113.21 116.30
563.73 506.36
-488.38 443.71
-314.14 -415.65
-622.12 -582.97
23.13 758.69
18.13 474.86
291.61 544.16
719.40 271.68
-591.94 -344.52
-42.98 -210.76
-151.96 135.53
-497.06 469.42
-2.40 -174.21
-364.00 -240.29
-426.54 324.48
-494.67 -258.49
219.70 358.88
-263.01 -216.22
391.99 201.23
163.69 79.88
203.07 5.75
304.62 705.34
-553.60 -175.79
582.21 357.48
-10.69 521.88
-664.26 -498.96
-219.68 50.88
-128.84 -220.23
-243.87 -299.03
-45.42 643.77
12.19 78.22
244.42 6.65
55.42 452.89
-642.25 -445.82
-284.08 689.50
112.81 714.18
-484.30 -566.07
580.55 570.76
236.26 586.87
-276.68 -233.52
-146.70 871.40
-660.02 -567.07
-279.09 452.81
-508.72 258.19
-122.52 56.81
-289.72 599.40
125.64 426.47
26.79 28.03
-371.17 454.66
-640.98 -213.37
48.31 420.92
705.42 226.60
636.69 457.27
187.27 -57.61
-276.17 105.49
495.44 455.18
100.63 190.56
-179.60 -318.48
-827.20 -741.00
-653.52 -454.76
4.44 316.13
381.77 121.50
366.39 363.92
64.32 500.01
-189.19 244.62
122.31 304.51
-480.70 -515.64
109.77 497.03
-602.69 -143.94
-611.72 95.24
-515.42 -593.51
-206.92 714.20
-627.55 -639.55
-635.85 -444.55
-228.78 413.59
-902.72 -837.51
-365.41 -426.33
101.92 -133.77
-249.55 -31.42
-460.66 -27.79
-440.50 635.12
-574.52 -601.93
-217.36 -348.68
74.42 -11.15
176.42 622.09
581.29 140.76
-818.81 -654.46
-110.50 230.28
441.51 265.52
-150.51 -116.43
96.02 262.00
-35.95 687.52
-205.92 361.17
-51.04 533.55
-542.73 -601.52
412.63 175.02
904.76 370.12
-132.65 552.77
669.52 510.31
-179.37 636.78
834.27 463.11
-496.94 235.96
-224.24 581.58
495.75 385.29
-551.35 247.01
-46.22 346.26
52.85 344.75
618.85 440.09
-399.50 479.53
272.57 565.85
92.05 156.35
-331.95 -540.26
-368.04 68.32
-232.92 214.21
121.72 293.70
-251.67 255.94
-88.99 841.04
-464.16 -401.49
-334.49 298.73
-305.35 671.45
-180.06 369.06
467.05 623.94
883.32 413.47
-472.20 -257.31
-562.36 41.15
-363.33 231.42
-632.50 -279.17
-512.41 482.18
-561.82 247.90
-43.33 -306.55
-196.89 -363.44
98.94 691.72
-277.91 384.21
266.37 448.50
-202.26 27.18
-92.04 193.40
-393.04 652.14
-334.82 686.28
358.40 73.29
-375.25 350.13
115.54 -191.83
596.73 297.50
-768.83 -562.99
65.80 708.64
355.61 548.88
-137.69 222.08
-449.31 457.62
-28.06 -63.09
-93.10 118.29
-438.28 -551.24
619.59 317.25
-611.69 69.86
-403.80 34.15
36.29 -162.80
-721.99 -352.39
18.88 -108.63
433.33 385.25
-237.03 355.27
-315.76 -333.98
-341.32 840.69
116.70 -130.52
676.01 501.32
-640.08 -439.05
-788.94 -620.02
-505.99 229.51
732.92 505.72
-190.70 387.02
201.66 631.56
-717.52 -608.67
-500.81 -641.30
-6.91 188.61
-670.14 -559.90
-296.40 55.55
-329.03 716.22
-311.09 432.74
-551.37 76.77
-756.26 -635.06
96.95 -43.71
-871.69 -691.75
-424.90 402.52
564.13 583.69
99.46 178.16
-326.77 -46.27
430.28 331.98
-243.39 -209.72
-59.10 -51.05
-203.96 -86.13
253.02 256.69
-359.32 -369.36
744.60 339.37
-520.95 -113.26
300.57 673.63
512.79 451.70
341.06 409.51
445.62 482.40
-694.14 -302.30
-162.08 794.76
-623.87 -356.00
-608.45 -483.64
-247.80 -136.73
-46.26 -75.30
-24.89 369.67
-65.55 161.56
-254.63 -493.00
60.23 285.36
-291.30 -252.75
-463.77 108.13
-766.59 -658.09
-266.14 709.45
-263.57 -64.97
194.94 642.11
-645.59 -170.32
-26.10 -184.87
-116.29 -78.58
-346.93 -477.00
-183.09 -421.81
-552.12 -610.97
-594.05 59.54
286.79 21.56
510.04 181.41
-698.55 -665.01
-87.58 472.37
-48.31 414.65
-557.24 -101.66
-23.26 196.18
59.19 550.29
-864.74 -830.90
-108.01 497.33
-366.56 100.65
-498.20 194.80
179.30 444.71
-322.77 -158.46
308.28 -11.43
-964.93 -999.69
311.18 72.61
94.98 136.18
26.17 383.06
-325.38 459.61
-549.54 311.24
-452.90 -400.93
-451.00 570.05
556.75 444.95
-251.70 -323.64
891.63 332.88
-413.02 -426.00
-417.53 121.67
-90.74 499.38
75.86 619.00
-653.13 -547.10
-819.12 -548.08
177.23 -103.25
-637.74 -355.70
-231.70 251.51
-90.13 518.71
-287.54 539.64
-267.09 820.47
-599.18 -627.00
39.93 175.80
-32.37 49.28
-590.11 224.01
-836.19 -828.56
148.76 375.20
-64.66 -276.95
-509.50 -58.76
192.68 595.33
877.34 383.84
21.85 700.02
-395.37 -249.25
-547.97 -105.12
-558.24 41.19
-392.71 109.59
-522.29 357.22
883.39 400.87
200.24 343.44
-487.38 478.94
-627.47 -654.27
-358.96 199.09
-771.31 -630.35
-85.30 -368.47
531.38 298.65
854.21 455.70
-758.88 -530.58
526.28 518.03
584.33 418.40
-77.08 307.53
-794.81 -483.30
-620.15 -282.05
-117.57 -26.86
678.83 503.54
-892.18 -883.46
72.89 81.71
10.43 526.82
-337.09 -415.09
-456.62 -373.41
265.03 471.88
-631.39 -655.21
257.57 309.19
865.19 324.33
-184.15 869.49
280.18 144.38
60.43 597.04
-151.27 584.04
389.98 47.07
15.81 -47.06
-306.38 44.80
-259.78 225.63
-567.43 240.39
-355.91 -415.48
-560.57 31.00
243.32 442.66
448.00 460.31
-221.22 564.46
-513.81 176.24
645.46 386.01
-427.09 470.04
595.88 129.48
264.43 490.06
-341.56 -325.30
-153.73 850.87
22.96 44.01
89.46 541.65
-771.84 -381.48
22.60 506.35
473.07 149.38
-387.04 -431.77
-114.77 812.88
606.89 208.26
60.25 402.81
-427.16 -379.41
-233.59 847.97
-335.76 444.15
-589.40 -550.88
-476.50 440.32
-10.50 495.34
94.22 304.89
-222.36 278.09
-96.31 -77.13
498.75 491.58
333.59 595.00
148.21 494.10
-60.87 -96.46
559.14 554.85
-20.00 436.05
-375.62 806.71
-359.52 92.88
-407.03 -196.23
654.74 529.80
-156.98 666.06
-520.92 233.76
121.70 343.54
568.47 227.23
58.89 786.17
74.00 -57.01
395.04 302.61
-287.62 514.50
-27.44 626.18
-463.20 165.58
-232.06 685.31
422.49 619.66
-369.76 655.94
-314.25 -395.87
646.80 441.18
689.01 463.59
-212.38 -236.04
-14.66 -303.64
198.88 266.82
570.81 399.69
-377.58 -210.89
-300.47 700.00
641.92 390.74
-387.84 -318.08
147.50 733.38
719.52 513.98
-270.25 343.25
381
409.20 -634.45
971.60 -731.29
638.85 -439.56
288.00 133.91
386.47 -146.84
490.83 -524.28
263.86 170.42
859.67 -594.37
484.86 -306.38
725.32 -539.88
628.26 -405.50
300.79 475.23
664.19 -691.62
387.92 90.70
192.27 663.64
295.93 -3.63
433.66 -343.77
929.41 -657.08
459.30 -859.34
640.54 -715.54
499.83 -398.74
923.62 -760.15
323.52 -457.35
152.15 474.18
415.52 145.15
841.88 -786.77
520.13 -907.02
650.03 -761.37
771.52 -771.78
903.14 -741.27
908.72 -698.81
276.05 -140.23
603.80 -606.40
752.94 -627.30
261.95 152.70
561.39 -216.67
252.58 567.30
306.80 114.44
589.54 -55.09
635.08 -449.78
489.73 -541.81
646.98 -700.28
703.71 -882.74
636.81 -810.91
250.73 319.03
754.05 -750.39
170.78 539.82
322.65 405.55
407.69 44.75
637.69 -729.99
435.38 -459.58
753.15 -654.23
897.59 -748.73
412.74 -234.48
611.11 -672.79
458.80 -89.69
523.68 -713.03
385.52 -485.07
560.10 -598.71
133.40 563.86
255.78 75.08
279.38 264.10
412.98 -388.86
393.45 -465.25
170.21 408.21
467.57 139.32
541.32 -42.58
590.69 -635.89
652.83 -891.04
488.02 -6.30
595.04 -357.79
409.47 298.40
389.64 -450.35
601.51 -364.81
740.05 -511.27
688.78 -644.89
676.64 -860.36
674.10 -415.36
476.89 -47.57
457.09 -165.17
411.17 12.42
524.18 -685.96
595.66 -907.97
533.72 -906.12
460.61 -315.67
352.83 -137.22
95.14 864.58
472.99 -19.70
281.98 -63.58
170.61 466.68
656.47 -343.59
416.47 -303.44
430.80 -553.51
752.85 -868.81
715.18 -541.33
211.53 318.96
815.03 -481.79
442.40 -192.96
515.80 -932.74
344.24 36.84
665.82 -495.43
597.50 -747.93
548.71 -98.63
116.31 765.07
495.73 48.17
557.48 -100.34
466.34 -245.12
674.02 -343.14
563.90 -410.61
373.12 -547.60
617.44 -615.60
167.56 455.24
212.73 668.40
704.04 -484.24
292.65 -124.15
565.25 -22.72
291.22 153.69
839.75 -567.74
507.38 -3.74
560.32 -288.25
857.18 -796.09
759.66 -645.19
322.82 -127.60
243.58 340.56
349.90 -551.81
133.14 712.38
338.70 -24.88
535.59 -934.21
709.21 -884.70
619.55 -258.02
902.03 -807.99
367.47 380.51
410.12 -372.07
292.13 89.14
609.17 -858.75
687.05 -712.54
500.87 -439.31
418.71 141.46
458.00 -568.07
414.91 -471.79
559.53 -92.17
224.19 113.70
509.92 -747.40
266.46 555.98
577.91 -2.56
488.17 -201.19
628.02 -514.12
347.44 -408.13
371.86 313.65
315.06 -163.40
750.25 -388.99
491.73 -457.02
244.94 303.50
698.02 -383.34
393.35 -533.45
612.84 -549.98
428.81 -175.55
307.68 384.40
392.75 -461.03
504.64 -847.68
425.21 -58.93
688.06 -555.07
66.49 886.39
508.07 -168.33
615.95 -191.30
231.06 208.65
758.34 -515.74
223.19 422.42
663.61 -762.15
530.63 -880.62
250.60 14.44
357.81 -634.16
624.78 -648.76
291.46 -263.18
427.11 -999.45
238.41 453.73
128.03 792.22
508.39 -299.58
777.81 -853.98
268.25 -94.84
539.22 -607.52
424.96 -725.90
360.31 -191.52
277.03 502.51
883.11 -611.11
898.29 -763.21
386.30 -486.78
236.41 440.44
558.75 -899.57
423.04 -948.96
574.98 -275.52
484.14 121.41
462.19 -27.47
700.64 -497.97
297.82 222.80
441.07 -703.78
506.29 -716.54
825.77 -562.39
606.50 -146.90
176.24 473.32
574.50 -773.09
150.68 613.86
491.36 -578.00
221.65 113.31
446.55 -811.73
478.02 -302.06
331.97 287.41
648.45 -809.72
533.66 -558.61
148.33 526.22
573.83 -895.78
739.64 -453.58
855.52 -526.62
712.55 -887.04
390.81 -534.35
792.88 -746.27
207.91 305.81
452.07 13.33
168.90 323.28
612.33 -182.02
352.37 363.62
202.97 194.93
342.40 -366.86
540.37 -422.05
235.38 165.29
266.54 513.97
515.17 72.22
155.72 629.71
654.81 -402.40
558.23 -932.98
415.29 52.46
381.49 -66.41
867.80 -725.32
450.28 -949.21
396.47 -371.76
639.57 -116.68
732.06 -330.93
725.71 -792.56
211.96 605.00
629.07 -366.98
446.01 221.04
236.20 241.85
896.22 -755.11
423.51 -953.49
625.11 -133.75
268.49 339.92
490.63 -243.24
300.23 -159.45
451.48 -486.34
171.05 672.64
419.34 -737.03
502.84 -516.26
526.30 90.43
674.39 -605.65
776.06 -523.43
302.67 373.97
694.10 -728.90
193.30 228.09
797.81 -469.13
101.53 808.25
241.26 255.54
904.91 -758.05
329.87 -378.37
505.31 -480.96
394.47 206.98
628.24 -576.04
851.85 -825.38
592.95 -277.33
207.67 424.83
431.57 -601.53
731.45 -822.40
492.93 -201.13
163.27 558.86
344.30 165.51
770.27 -747.20
164.85 732.53
520.94 -578.12
504.38 19.67
612.07 -69.32
558.66 9.05
685.66 -349.22
412.37 -405.20
633.15 -605.88
229.69 304.23
310.02 -86.64
287.71 -256.81
598.20 -188.20
340.38 -144.87
642.99 -601.31
205.64 219.86
882.64 -744.36
108.63 776.68
236.15 -23.62
460.16 -976.31
412.46 -132.63
79.16 866.26
489.06 -19.69
616.48 -608.22
342.88 -475.60
642.38 -915.09
431.21 167.16
666.05 -296.42
399.11 -381.98
368.26 -494.43
493.98 -217.22
57.06 956.85
299.27 -158.65
377.28 -138.55
613.36 -683.71
255.69 21.73
667.06 -313.91
545.64 -185.54
532.08 -451.74
562.65 -790.24
384.77 -729.54
349.73 -541.54
738.23 -520.27
675.99 -515.11
381.97 -763.14
440.58 -766.37
705.28 -544.44
371.80 56.72
538.43 -196.94
95.20 756.92
774.81 -805.13
444.42 -568.61
345.81 197.11
890.96 -703.15
218.90 315.40
676.23 -308.71
377.83 -104.42
532.78 -835.70
356.22 226.33
425.95 -659.87
361.77 231.24
632.08 -395.86
886.27 -647.88
760.28 -840.15
525.22 -358.69
386.81 -683.04
720.12 -706.41
547.13 -920.65
212.17 465.74
572.43 -86.06
772.51 -637.09
707.50 -290.49
846.55 -594.58
673.51 -884.82
583.43 -589.77
351.77 -364.61
760.02 -615.91
36.09 996.04
570.66 -876.64
475.20 41.72
781.70 -555.42
499.88 -292.65
999.53 -777.92
239.95 5.86
737.30 -833.09
472.99 154.89
609.60 -857.69
656.13 -607.50
107.62 686.63
154.08 479.70
744.60 -614.92
661.04 -207.05
322.25 -302.55
114.10 818.49
377.43 -653.24
306.85 320.24
862.03 -697.04
277.74 -184.12
668.08 -551.65
342.48 390.30
954.64 -780.99
337.35 423.40
311.41 -264.48
516.83 -257.03
720.12 -736.21
752.54 -742.87
547.32 -15.56
145
162.78 579.01
108.05 263.38
-453.52 -766.15
231.33 -680.80
382.86 -896.25
-531.16 -320.36
111.78 367.84
781.25 39.07
467.86 -133.00
902.93 -54.79
-347.33 -150.51
-145.13 410.31
-735.91 -466.83
-836.87 -354.79
-862.70 -885.27
-256.93 -966.23
-298.94 678.97
873.88 -936.57
-689.49 178.12
53.19 740.88
-651.53 434.43
129.70 815.30
890.11 14.59
-759.70 250.09
-836.58 638.77
-419.35 309.91
418.95 -321.72
833.00 639.50
26.84 972.91
-619.67 -148.93
623.57 -35.07
900.87 -441.90
-592.49 -826.15
-412.54 -877.20
-2.35 -60.15
639.79 -319.87
-908.38 201.43
215.77 794.35
270.41 222.60
492.85 -286.98
501.70 853.70
-249.18 -880.52
308.08 465.14
-396.85 -992.76
-212.58 589.79
922.81 267.69
213.56 -742.75
-911.32 -170.01
142.85 -83.78
511.13 400.09
-283.23 523.60
28.50 -741.83
88.79 -47.69
-715.76 -961.34
-562.20 -392.25
112.07 -264.80
342.50 -403.48
-691.15 51.10
-47.06 -410.99
-469.32 73.17
484.44 704.51
192.78 886.04
126.45 -606.76
218.81 -249.98
976.68 793.20
-835.30 -398.73
175.53 714.45
-719.08 -337.75
-286.75 -160.23
-86.36 612.77
702.81 -207.87
-469.35 239.45
489.59 -870.38
633.48 -585.51
213.62 210.38
-844.11 -892.74
-968.66 -988.65
855.76 -24.36
577.47 236.71
68.35 -249.37
265.35 261.09
-523.65 842.64
903.08 48.23
-357.68 -256.29
372.20 137.88
-602.88 543.05
-151.01 605.43
12.46 777.31
731.08 311.43
-641.52 -370.26
-585.35 670.04
737.72 647.63
-927.80 -94.40
-704.29 -89.27
-795.48 452.93
-306.04 842.28
25.15 -48.37
-686.04 589.52
-215.38 -592.68
-942.42 197.81
782.35 157.40
-307.92 -720.20
319.64 667.87
-781.62 -419.33
-420.39 -851.70
264.59 -134.34
457.30 567.86
-723.85 -648.18
436.14 371.10
-430.52 -604.00
-642.69 132.37
538.54 609.34
-397.66 821.89
-280.51 898.75
61.50 -515.79
610.54 291.54
347.81 -547.27
510.47 -285.02
801.40 -333.98
347.35 677.13
-160.88 785.52
833.50 557.47
907.39 -680.34
-615.50 -321.13
-391.05 119.90
-19.66 -811.20
822.31 917.52
-845.03 -671.19
-850.18 -447.30
-897.49 578.66
456.29 701.06
-987.42 -35.09
268.84 -658.25
316.44 -866.09
371.15 64.92
756.51 -222.08
571.07 -668.62
-430.68 651.68
262.81 -337.02
753.18 -6.94
-283.63 688.79
269.43 -117.07
-716.75 235.02
296.36 -836.47
-883.02 -714.24
36
957.20 96.91
-400.19 44.58
-628.64 207.12
-306.54 -250.57
-495.39 -983.87
818.83 565.79
525.91 538.65
897.30 -984.32
575.78 905.23
687.85 -517.89
-656.28 -12.17
958.09 142.95
-986.59 562.16
-163.56 -217.24
711.54 686.14
559.96 -841.58
-508.21 868.23
74.86 -269.06
489.39 -828.75
-300.51 -279.21
-855.04 849.05
725.84 -464.59
-578.70 -424.47
199.44 30.91
769.38 281.96
663.51 -331.91
-210.52 356.90
-510.62 176.40
-855.75 140.78
-848.26 775.49
134.36 -943.87
222.54 419.71
252.17 -592.69
-630.96 825.11
-841.80 -730.78
818.11 474.60
819
543.98 733.39
664.74 723.01
-64.14 576.06
170.61 257.70
675.92 -219.37
28.70 459.95
582.59 -776.72
443.97 447.03
209.55 357.04
550.65 762.88
602.71 -269.60
877.79 407.03
725.74 467.24
436.14 357.87
-371.12 983.12
346.71 202.76
270.52 326.33
160.14 -32.17
454.98 -698.69
310.03 -490.01
493.28 -432.64
552.00 27.36
19.53 694.23
407.96 -250.34
198.49 497.20
743.51 -35.87
245.46 -191.89
423.94 -291.81
601.64 -708.55
145.83 478.09
160.18 870.03
-367.76 945.36
461.94 -524.49
768.11 551.04
527.80 156.84
528.31 282.12
311.79 123.18
153.69 765.01
692.52 -276.16
711.50 349.97
170.68 285.79
477.34 -384.64
497.92 -243.00
244.17 -109.01
999.89 718.17
443.03 -123.13
547.00 457.84
675.13 329.94
17.96 447.45
133.97 223.61
317.22 -278.31
647.91 49.92
447.38 609.82
358.31 661.21
531.57 -927.94
901.58 551.91
141.64 331.07
170.45 849.79
209.31 788.42
460.40 114.06
968.38 695.35
803.73 487.52
693.42 -416.75
445.23 -281.64
303.43 -252.24
21.37 237.97
773.50 485.96
767.23 720.98
741.55 696.11
360.06 440.48
681.51 -186.86
740.06 702.67
479.92 1.34
321.93 -395.10
421.37 -2.69
561.88 54.60
90.72 630.03
564.38 -37.62
444.88 -91.90
289.94 418.69
878.05 552.40
656.87 41.29
490.94 -0.40
-40.96 679.81
313.16 168.04
-141.99 658.84
139.88 753.53
278.31 376.97
153.92 683.72
677.03 445.33
-263.03 706.28
827.37 191.69
842.42 300.53
301.81 845.07
348.86 -201.56
-266.51 967.89
603.45 -499.23
129.29 508.78
389.63 -85.27
646.99 472.46
891.27 680.14
210.55 746.25
163.37 281.08
439.71 58.93
619.93 98.39
580.99 688.21
295.72 581.43
546.44 576.28
-62.78 905.34
69.50 17.10
729.23 -67.36
490.13 583.61
689.06 17.25
-96.10 582.81
671.14 7.25
179.00 532.83
291.39 556.18
394.45 73.81
15.50 514.04
428.34 -472.05
926.40 663.03
370.65 805.71
456.79 39.17
182.90 378.39
807.33 603.42
490.50 -148.30
705.38 290.43
-45.90 666.41
658.57 293.55
655.58 -80.85
560.25 136.69
118.27 676.80
448.80 541.75
289.13 371.73
775.41 582.86
798.63 631.96
590.06 -283.62
112.84 857.56
239.98 732.53
723.25 210.90
224.18 188.01
301.77 374.18
504.04 767.59
282.03 111.62
377.16 52.77
234.98 193.55
79.03 370.83
79.60 11.31
399.85 377.71
690.38 -9.66
52.82 550.46
567.75 -82.31
375.88 669.83
678.84 -210.81
238.92 571.21
564.46 -70.55
457.93 -742.15
815.04 278.78
318.97 615.85
415.50 317.92
798.36 654.12
153.44 592.87
66.94 356.92
536.09 -878.11
-163.83 545.72
323.36 -373.13
314.75 -215.26
358.71 505.11
255.60 402.90
923.35 495.75
85.47 488.30
662.28 572.68
45.20 363.90
194.05 780.33
530.19 -267.00
213.88 67.16
268.91 677.29
490.11 601.11
414.23 -153.07
-75.81 409.94
490.23 236.86
-5.16 227.14
-226.65 740.49
917.06 611.58
685.66 639.39
80.89 633.54
404.83 456.51
5.05 890.01
694.87 573.39
522.04 609.29
632.86 239.12
345.89 173.84
507.48 252.98
-184.42 829.41
247.98 724.99
635.65 769.56
545.31 684.13
89.96 843.21
477.11 -442.02
-111.75 632.07
293.81 66.60
-101.19 546.34
372.40 28.42
-64.99 428.47
-123.37 918.04
288.19 -237.29
360.82 241.22
57.76 626.67
786.13 223.80
322.74 -89.60
513.96 -881.03
252.74 -340.39
526.85 -606.12
693.94 541.41
323.19 761.83
161.41 630.59
647.83 406.01
601.09 -660.07
554.53 -810.06
552.64 -159.27
501.95 -327.48
405.31 590.10
946.51 556.61
763.57 273.66
345.22 451.66
507.28 245.78
519.59 -935.96
533.04 668.08
482.14 198.89
290.87 273.95
386.81 -238.38
369.99 328.07
920.50 649.74
-233.01 863.50
-91.45 799.22
617.02 748.71
594.73 -38.17
336.28 746.09
-5.30 397.03
698.11 641.95
477.35 25.96
-118.74 855.32
-253.39 906.89
429.47 491.18
-87.79 840.33
809.63 638.22
-231.38 633.70
423.75 -583.05
75.42 49.61
577.95 -628.06
722.65 642.37
503.29 -761.73
890.66 453.81
636.16 -643.32
525.17 -703.01
329.22 785.07
9.50 843.10
-203.76 848.00
799.90 736.11
632.64 -677.96
235.40 707.94
799.85 63.53
25.58 266.41
809.04 -0.93
-214.20 582.12
553.71 -99.19
605.95 -173.80
-234.62 726.62
517.50 -411.55
423.13 -20.63
554.28 -698.63
885.10 577.47
763.46 -85.31
636.85 -309.18
523.24 -351.12
358.77 -567.87
-91.74 876.05
733.28 172.26
92.08 761.21
-65.88 701.63
111.86 160.52
366.13 -56.38
202.02 49.42
314.18 518.63
629.90 -47.47
868.55 444.31
-81.42 323.21
-103.30 816.20
169.81 -105.00
378.29 -552.27
634.61 -71.52
239.62 742.24
800.60 152.18
374.26 -621.72
257.46 103.05
437.78 -705.76
373.21 -489.36
427.66 370.58
-302.15 953.04
23.16 703.12
452.66 466.50
-74.96 908.47
76.41 380.99
559.29 -560.35
346.97 559.08
446.80 -279.49
410.72 -505.07
46.17 890.81
756.84 578.33
514.15 -718.13
419.23 -500.48
122.61 598.58
303.90 257.58
601.41 349.27
326.69 -170.22
692.59 584.22
230.29 152.62
129.71 -125.87
466.86 -212.66
98.78 5.39
687.19 -87.88
-108.88 470.03
506.76 286.25
362.69 -474.32
278.09 -153.95
242.28 652.60
749.32 415.92
146.36 368.91
441.74 -577.98
-73.94 787.65
252.56 821.94
5.81 362.36
373.31 190.83
380.75 -262.26
776.76 481.66
172.14 -71.04
411.90 50.59
-50.78 695.34
413.00 13.89
344.42 -288.78
770.16 130.41
896.67 352.97
191.47 -108.72
-139.23 671.77
355.64 -79.59
106.45 543.88
175.47 594.71
242.48 -163.00
551.46 -789.11
434.06 -168.37
562.46 -628.79
144.96 -44.36
387.07 -19.34
483.38 -25.97
-198.55 843.67
307.90 95.61
470.38 365.71
713.77 -98.72
491.36 418.37
311.22 737.83
-63.10 869.48
564.64 379.17
306.40 466.45
258.86 -387.13
424.54 634.54
122.61 -92.28
419.45 445.30
364.54 -367.49
613.10 -691.87
421.02 511.82
260.77 -240.17
303.59 -94.16
509.52 691.05
452.03 61.01
-170.65 626.50
471.55 415.56
566.61 -24.68
754.33 -125.77
464.67 222.39
687.25 406.27
-8.72 844.36
49.42 728.77
711.27 413.11
472.70 -656.47
-12.85 488.43
83.86 193.56
-203.94 734.10
311.61 52.85
312.85 26.27
41.66 163.12
517.42 129.48
597.72 358.75
-44.73 410.28
653.13 676.03
209.09 0.56
527.66 -933.27
740.25 175.61
590.47 432.25
329.04 538.04
113.56 558.63
53.40 465.78
216.51 643.29
149.38 322.38
85.31 251.32
64.20 705.95
-11.98 585.31
614.74 -42.69
237.31 855.27
582.33 -212.59
422.97 -48.10
815.12 54.52
-54.46 262.63
227.98 -77.42
276.62 840.63
228.59 142.45
624.51 538.55
438.14 391.41
110.14 -88.99
528.35 93.00
42.60 489.12
-135.66 926.50
252.16 22.76
363.30 -22.70
-140.47 472.90
411.16 -604.01
770.02 522.08
391.85 305.61
795.04 488.13
433.68 734.03
421.80 157.23
216.90 644.06
149.02 576.98
585.45 -242.61
225.84 -93.79
352.90 832.94
626.57 -71.41
286.02 152.70
-375.51 927.09
501.86 -202.21
280.71 34.15
267.58 329.87
245.85 -206.40
738.94 -87.00
513.39 167.43
-5.75 335.39
183.05 -142.64
52.49 664.68
432.27 -696.47
153.99 29.34
581.30 276.18
697.09 -394.63
521.55 281.43
417.47 243.40
441.12 34.52
870.19 410.54
521.27 -864.33
88.60 795.65
641.39 -274.28
643.64 -636.27
656.92 229.26
211.57 372.83
831.16 438.92
549.32 359.98
663.01 314.81
708.00 -236.48
701.21 387.90
439.75 746.16
349.14 353.44
838.37 279.98
-46.25 751.93
625.00 -408.94
-245.64 749.09
112.33 781.78
709.62 326.75
-269.04 736.26
693.39 -333.50
163.01 193.74
-20.78 396.99
321.76 497.83
519.48 -604.94
563.54 447.18
549.51 -484.93
460.78 -312.09
501.55 -12.30
832.42 715.02
592.10 -291.31
269.59 -417.16
750.22 684.20
458.54 -724.07
186.11 624.48
-147.34 523.50
548.24 -999.57
319.48 752.72
460.06 -262.69
767.37 517.21
0.82 406.53
44.03 589.88
528.34 -518.20
248.75 857.18
415.39 497.86
818.06 119.96
389.54 415.18
-124.94 593.76
487.03 119.87
227.01 36.14
704.27 508.99
74.98 548.10
668.85 25.99
344.23 547.84
-160.28 602.68
853.19 362.08
275.07 167.03
548.05 -929.99
674.32 194.54
421.00 714.74
548.96 -122.13
338.64 292.45
518.29 -844.64
253.85 -73.81
852.17 611.60
830.85 549.55
336.06 355.73
495.10 179.31
574.38 652.07
461.06 -59.44
831.17 522.91
272.12 467.76
-209.14 820.28
80.63 340.90
578.09 -212.58
793.77 454.47
328.67 -242.66
494.94 72.92
538.25 -82.46
572.99 740.81
183.13 192.48
65.51 827.04
872.91 651.12
272.57 290.69
307.28 -448.09
-70.40 590.50
326.84 -517.77
186.54 403.65
-72.16 886.81
256.06 118.68
-295.16 779.87
623.15 -467.46
524.01 231.16
238.40 -315.09
737.87 124.29
559.69 -150.43
-76.97 553.96
700.94 555.63
16.89 399.94
479.09 -637.93
607.09 -73.29
329.51 -305.27
92.76 497.36
-140.44 573.53
338.41 441.94
554.92 -358.76
239.83 -170.97
454.76 613.37
334.61 222.10
612.66 -656.44
443.34 353.51
-314.19 852.21
363.33 -331.08
243.03 -70.96
-15.94 449.55
507.15 -78.42
256.69 303.32
440.16 686.84
230.11 -47.80
735.68 554.73
526.49 350.90
571.33 -541.18
173.18 777.45
146.32 211.42
420.15 -726.43
222.39 -46.03
-241.21 848.09
-90.40 902.74
-283.17 961.86
702.64 -326.07
-115.49 502.98
647.90 181.03
58.94 155.33
202.23 401.97
553.63 452.32
586.18 404.09
438.45 -170.82
251.19 823.24
568.97 567.11
462.95 695.40
840.30 251.77
-163.27 839.33
449.25 -252.72
417.27 -557.13
262.18 140.60
623.24 30.80
555.14 -922.08
288.11 179.51
878.49 301.40
302.33 653.36
251.91 80.25
-325.59 901.06
-333.36 930.06
442.85 695.74
440.99 -757.02
819.01 293.15
502.98 -301.28
651.92 -505.71
456.71 401.49
162.13 460.37
675.82 133.23
436.23 -553.02
142.72 56.50
-180.97 873.96
-68.51 485.83
105.18 84.40
40.69 334.44
145.28 823.96
573.13 -414.89
445.46 303.94
199.31 313.66
302.39 166.58
227.32 454.32
209.66 215.57
649.37 366.11
362.42 419.21
364.70 838.54
65.92 170.21
830.67 179.24
681.01 779.27
369.09 760.82
500.78 785.18
345.52 569.85
56.62 37.24
291.80 385.00
313.61 -495.68
898.96 495.97
694.77 -435.08
175.90 178.41
641.68 -408.70
964.12 679.68
608.93 -371.67
247.78 -24.84
778.87 -87.94
-201.14 607.97
679.49 129.44
205.80 70.83
176.30 583.68
793.96 173.30
855.39 504.44
717.48 -75.39
604.09 -6.61
559.30 -90.97
97.54 549.95
539.94 -25.63
262.34 842.71
662.38 290.40
644.37 -423.93
615.19 -53.75
423.20 -441.86
555.18 -801.33
483.93 676.34
777.46 521.81
333.04 -490.19
325.61 -305.70
488.17 -85.79
927.37 488.20
614.76 490.22
4.35 725.56
849.33 509.08
598.86 368.22
419.40 270.39
403.08 134.29
168.07 -93.22
-132.32 775.36
339.62 -120.76
473.34 167.77
565.90 -558.80
191.69 782.49
-172.63 570.52
657.84 67.17
467.35 540.38
847.77 382.27
-209.30 893.15
512.92 479.63
432.53 474.45
797.80 310.60
323.16 47.60
868.69 365.38
609.97 90.96
455.83 -50.02
242.84 333.32
477.03 -168.23
791.52 -58.08
848.55 546.92
501.13 188.72
319.70 -83.53
630.44 -252.85
850.77 322.32
584.88 -67.50
-80.97 586.98
369.08 580.38
-67.91 482.32
728.44 717.05
154.48 529.53
216.11 318.80
546.54 -111.06
412.28 -454.31
266.77 -182.58
404.42 -118.53
848.68 406.98
579.05 588.45
902.87 592.92
600.70 -477.39
202.55 -215.36
270.09 449.62
134.05 807.63
505.87 210.75
618.92 -438.18
959.16 613.69
117.49 429.30
261.18 -399.32
339.23 550.83
38.13 88.40
-380.51 963.60
353.03 -404.22
950.51 688.80
575.39 609.97
32.37 682.05
591.88 -482.14
647.95 -89.05
17.51 237.55
278.12 -179.02
722.75 557.75
252.48 -56.70
-299.69 811.84
283.74 822.16
541.06 -795.18
446.07 -773.43
579.60 -660.60
197.74 484.85
681.47 35.96
928.71 532.12
401.24 -502.14
428.59 -545.03
490.28 195.57
74.01 371.28
160.31 384.33
307.08 631.94
821.34 447.85
223.40 291.89
377.30 -621.74
556.64 -812.29
227.58 349.18
445.04 126.65
735.31 680.44
481.99 -848.09
765.43 66.00
570.10 -805.83
282.52 400.98
401.98 685.54
558.38 -12.54
672.42 29.09
-137.51 927.75
350.58 445.71
774.06 645.18
525.31 642.44
571.68 650.39
278.31 -394.77
358.84 -493.01
-160.01 849.35
-45.81 325.65
120.02 282.02
362.08 202.20
719.96 -338.68
52.20 640.16
700.60 207.62
418.78 -620.47
604.69 639.56
93.35 388.13
646.48 -608.65
854.85 691.25
218.83 302.23
-24.13 220.35
454.64 551.21
401.97 -461.04
416.50 683.20
387.87 730.48
231.26 608.22
889.45 379.77
726.24 560.11
373.72 283.08
-76.57 750.25
416.09 569.75
-77.73 479.87
227.99 107.69
828.30 275.35
762.08 201.62
149.38 -42.68
512.71 90.14
809.68 718.12
33.27 308.46
382.65 -587.60
269.06 -16.22
239.97 120.48
764.18 -153.09
181.20 -103.45
-22.43 251.61
146.64 371.68
483.16 769.65
398.63 150.69
-419.95 999.35
493.06 400.58
697.30 313.20
829
70.00 315.14
244.18 -61.71
195.97 582.46
477.51 3.01
742.10 784.42
81.99 -101.25
-198.15 -377.70
-190.59 -632.28
936.41 666.50
68.88 -389.74
-138.07 -732.25
324.78 133.95
172.40 -199.00
-106.77 47.50
770.78 464.55
234.67 744.60
-73.91 257.37
803.48 733.57
104.01 136.13
-26.79 66.30
-48.48 -107.84
-177.87 900.09
-76.84 385.68
-170.60 -595.17
143.12 -78.59
193.73 843.76
512.61 546.82
650.25 253.96
467.94 601.62
296.25 -201.86
901.89 660.33
46.77 44.75
-43.13 778.32
757.41 589.74
328.80 -137.41
-186.73 -84.27
67.22 497.19
243.50 517.15
351.37 45.21
-153.50 767.47
275.08 -93.80
414.30 223.78
-131.77 830.37
310.35 577.08
87.01 -422.57
-143.23 957.42
274.29 150.97
751.58 751.48
80.04 -96.81
-182.86 833.95
-123.08 -497.43
706.97 555.35
503.06 745.38
426.23 -58.12
109.34 624.41
213.63 243.73
309.62 395.61
127.62 -206.69
328.02 625.80
37.29 374.47
556.90 774.30
715.78 582.82
494.72 230.60
119.83 -224.42
726.89 450.73
129.76 244.74
-157.37 -691.96
155.61 808.02
-23.62 582.90
-201.45 292.07
526.27 553.32
-109.70 834.78
354.82 269.34
136.76 709.96
600.42 554.61
-243.95 237.54
309.83 443.12
-68.72 689.20
70.67 -399.11
-173.12 -715.42
-18.24 892.68
-243.10 180.20
958.84 701.31
59.94 478.73
121.02 342.16
-105.50 -803.18
-166.30 -292.53
96.44 -250.01
462.92 573.30
-80.20 906.35
344.92 22.15
-209.09 543.85
76.43 809.60
209.70 -59.64
-40.40 726.45
88.59 913.24
780.99 661.75
208.16 474.42
165.62 725.02
632.84 505.90
236.17 -250.51
812.22 615.80
613.84 429.70
-77.43 177.97
-229.78 681.84
793.20 736.83
-114.96 332.80
-7.52 942.68
71.81 -93.33
-76.97 -638.91
384.66 772.24
-175.33 954.28
-51.83 -321.60
304.53 -29.01
294.16 222.00
194.32 361.79
-90.46 -10.82
-175.33 572.62
261.34 227.33
125.14 -326.61
-4.73 -641.84
-184.39 265.68
-241.17 541.31
134.58 -86.07
-150.71 -706.32
-136.41 -93.63
272.24 434.42
202.44 421.77
-87.15 -148.49
290.96 -31.94
-267.20 590.26
291.86 361.86
25.61 587.91
-188.83 -249.60
-47.50 446.59
-147.50 820.00
383.24 320.28
33.21 -222.88
263.45 458.26
212.91 812.07
443.26 757.64
684.63 680.51
540.27 388.11
386.94 -14.90
-25.08 530.37
-18.00 -439.79
331.64 -101.39
388.67 -6.95
247.08 657.23
-179.68 539.98
-202.16 674.14
369.13 338.17
782.67 780.01
455.66 114.05
586.99 686.26
-126.44 -485.60
-43.07 -17.19
-178.09 215.87
62.94 623.05
79.78 -11.14
192.19 890.50
204.91 299.61
491.54 267.49
484.02 95.04
358.73 405.99
30.56 134.37
325.43 880.70
221.81 704.63
-209.77 321.26
-106.86 184.85
-33.14 -401.84
39.30 724.57
408.13 9.10
463.29 802.26
687.22 592.88
69.68 6.39
83.59 -195.91
-146.66 713.13
576.14 487.60
-191.95 580.83
-22.01 588.43
202.37 152.72
223.26 -182.91
550.11 446.67
-39.85 -100.42
-252.27 648.08
41.26 135.15
47.53 419.98
-104.34 324.79
-182.76 -473.32
441.16 170.62
62.42 -231.87
496.12 491.46
79.63 -145.33
249.88 472.32
702.94 452.24
-141.30 543.62
332.07 590.44
-64.00 -124.93
261.66 699.70
570.84 299.85
-276.87 748.26
544.81 372.88
559.73 589.02
-54.66 -486.90
515.63 667.76
-144.83 -854.82
-219.51 131.92
304.19 525.61
-134.45 -215.29
619.00 757.05
34.99 785.52
571.07 780.89
-41.12 354.07
518.07 465.92
284.16 208.94
255.67 617.00
375.69 48.74
72.82 30.12
-65.39 222.72
104.15 -65.80
-161.95 355.92
532.59 414.24
546.48 731.27
46.04 -590.04
128.78 -467.68
-39.35 581.44
14.08 813.72
-110.33 -266.73
651.71 605.78
241.60 -335.06
153.36 -472.74
423.94 786.69
-113.74 314.03
-273.03 500.50
381.94 745.94
-133.66 -740.90
-236.15 647.59
785.70 628.50
571.88 688.83
42.14 526.02
-22.55 -248.09
80.97 -79.01
-244.47 270.69
281.91 526.71
11.66 -430.04
858.36 605.54
168.51 -429.81
-141.37 -633.04
456.13 101.61
306.46 528.51
26.54 -350.28
-178.16 -148.76
53.70 -584.51
-191.59 308.51
136.10 -131.01
-67.98 -229.30
-55.51 -743.70
-129.98 705.67
826.85 512.33
176.46 533.41
731.53 385.04
-109.20 725.80
-213.83 -416.33
0.84 338.64
-267.84 894.54
-236.77 -102.74
243.53 589.64
568.28 573.77
-132.80 -731.88
763.14 584.67
-149.18 917.71
15.08 198.33
-199.45 387.03
627.93 284.09
198.08 -307.75
594.33 252.02
880.39 731.74
-254.78 360.29
396.04 372.59
-177.33 109.76
-185.52 124.43
-85.27 889.75
-200.01 53.63
203.85 -389.28
137.24 774.13
85.10 -339.02
-40.71 -77.73
-91.95 -568.25
-186.17 -356.73
482.53 703.00
289.98 627.43
207.03 -7.44
74.23 642.29
200.67 330.24
-9.75 418.61
432.59 524.13
331.62 7.69
100.61 268.29
-176.55 827.02
363.64 793.74
239.44 280.42
-218.06 -462.87
607.11 702.78
-102.12 758.47
5.14 -232.40
-288.80 844.31
314.28 156.12
473.83 524.47
-121.45 845.32
409.25 389.65
-195.21 -23.26
519.20 157.15
128.78 860.55
288.05 1.81
145.41 -453.96
-84.99 -332.24
-15.23 -671.44
515.03 410.25
638.76 659.93
137.87 -104.97
538.60 552.74
-63.00 -575.52
-160.63 108.71
304.99 539.44
132.83 107.66
-146.61 -576.11
-57.11 -194.21
-118.46 387.83
387.88 697.45
335.59 -33.34
-21.64 -194.21
210.61 234.79
-215.45 941.22
166.27 224.49
-190.64 481.92
-272.50 846.54
383.35 -4.94
-3.79 742.89
149.80 93.32
-38.70 -560.19
594.16 476.77
549.23 645.84
-185.50 789.03
568.70 687.87
398.43 45.01
175.17 722.10
-158.38 842.84
-44.39 -246.03
31.05 -1.16
709.54 562.55
-205.96 489.83
288.80 401.33
380.76 325.71
237.74 626.00
313.62 489.89
314.65 824.12
-28.54 -70.82
793.61 729.65
498.71 361.45
35.12 250.59
346.64 179.98
-21.01 -32.42
-191.72 824.34
434.63 176.02
43.56 918.62
402.92 494.46
205.03 767.58
190.77 72.53
-73.33 -677.91
593.24 567.15
-30.84 -747.72
8.28 460.26
-112.95 -559.87
-105.70 823.14
788.11 487.97
-149.85 -256.00
486.04 494.68
-93.88 220.87
409.67 605.94
359.71 447.92
50.22 -197.04
-88.49 202.46
2.66 157.39
-109.43 -607.35
-207.99 -545.27
-85.43 724.33
-109.17 -109.02
689.58 734.04
29.02 506.19
197.29 216.83
283.95 415.00
-198.91 -407.97
8.16 391.33
849.48 723.29
-223.35 498.72
633.00 409.60
65.60 605.91
443.04 540.96
151.46 -258.88
461.18 605.95
663.88 575.54
242.65 113.41
489.52 455.89
539.94 386.33
-281.83 891.14
294.37 689.39
-9.83 -215.73
637.64 574.16
429.76 220.81
509.66 686.66
419.32 70.76
113.49 873.28
160.47 650.54
308.63 426.98
-184.15 927.49
-238.00 131.83
-180.93 -237.15
544.60 507.90
289.76 176.67
1.89 149.17
73.19 -235.18
283.91 -170.67
312.61 77.30
-164.14 729.24
96.61 754.60
529.73 95.49
-146.09 -588.13
143.16 -215.95
251.46 238.67
355.41 42.61
234.83 -361.63
477.32 817.16
473.41 540.52
547.13 740.43
-172.33 -793.77
-123.89 183.29
7.21 -261.45
598.03 393.95
-127.76 -262.52
146.42 914.52
183.29 -230.28
-245.40 434.63
210.43 536.77
-191.74 -118.18
251.40 409.64
544.00 548.39
-184.50 -904.68
93.45 141.43
-245.63 859.27
-165.07 770.81
405.37 854.64
-210.71 471.92
637.52 592.74
108.93 759.64
-200.87 967.66
56.78 -333.98
374.10 41.51
452.46 -30.94
443.39 4.77
-73.07 -390.42
527.25 809.75
-165.20 588.45
-28.67 -175.74
285.21 11.00
493.54 429.25
-73.69 -3.18
172.42 -383.82
-154.43 509.58
-60.41 -48.11
527.84 722.83
147.61 605.67
152.10 416.71
-39.03 863.96
1.28 -638.49
215.32 484.29
563.17 732.06
16.84 547.64
425.13 502.28
309.24 -67.70
550.74 343.20
136.41 583.87
243.25 -117.67
887.51 599.55
-113.34 364.70
283.87 606.48
-105.18 -361.65
173.49 -123.22
453.36 590.37
685.93 395.70
357.27 291.41
-24.77 766.47
-156.89 444.99
370.35 199.60
-247.41 712.98
37.42 700.38
-24.92 581.99
-17.33 910.70
-123.26 834.86
80.03 -278.83
-214.80 975.64
-100.46 162.56
-144.21 -800.37
175.49 309.09
-145.92 665.37
-194.74 -376.63
264.71 516.63
220.51 383.24
358.56 805.16
384.13 654.73
541.38 87.60
-195.96 563.22
268.38 -165.58
371.78 695.14
-101.84 556.35
213.63 417.96
176.47 702.22
623.62 667.41
498.57 557.47
-168.22 650.79
-190.63 433.90
-27.41 -21.95
282.53 780.05
-142.65 -218.06
158.42 193.45
-186.93 -933.73
885.01 657.88
439.60 520.86
-149.38 843.73
204.95 533.55
-179.88 653.30
204.67 -364.34
733.72 572.67
10.56 -204.51
409.84 371.61
-115.43 430.12
87.48 851.06
55.96 645.04
341.88 300.36
578.34 527.40
-247.47 838.95
-102.86 411.67
-196.94 -999.78
243.01 672.37
303.04 134.54
259.64 -128.65
-152.24 -703.68
350.79 408.08
-91.01 -247.88
-106.25 -235.32
49.80 -628.04
38.86 836.97
249.80 -134.89
160.04 -272.48
51.45 442.78
-171.24 -182.52
382.49 -113.96
204.41 574.01
221.31 -275.01
999.14 752.63
-71.84 -293.49
-173.59 208.11
369.86 825.29
73.84 -53.40
-271.24 684.04
129.83 276.04
-182.64 298.36
-224.62 166.75
498.29 612.04
181.87 -318.58
-116.45 -167.64
313.05 738.69
-208.38 -366.88
51.68 -256.90
30.74 -644.19
576.13 757.46
452.31 737.76
-134.21 371.47
690.19 768.36
-164.53 -215.63
-126.36 -587.65
750.09 709.04
-72.23 -68.06
77.82 560.05
699.71 379.61
-23.78 -316.61
-21.06 -88.73
148.68 76.37
-249.74 766.11
-211.57 -415.18
-243.42 765.05
-27.97 899.24
65.24 705.84
639.51 438.81
121.96 509.08
100.80 889.77
-44.80 387.69
28.91 785.95
144.51 424.79
254.23 -206.43
264.10 -206.61
-65.30 -393.84
189.86 -330.74
-39.98 -625.87
228.23 758.28
-157.44 -219.30
657.52 291.06
410.73 469.37
745.66 485.37
713.30 335.15
-47.62 -583.47
670.04 365.02
185.94 481.78
84.00 158.00
50.88 727.58
25.35 539.09
-202.27 -433.27
126.73 642.83
571.76 576.63
-127.84 -11.24
-169.68 -549.14
680.35 558.39
2.22 -468.64
525.85 272.22
539.82 833.35
-114.13 -622.86
-170.38 -925.10
-235.75 319.49
71.63 -316.66
-209.26 -596.24
-152.26 -412.61
-82.86 603.09
444.92 31.58
404.44 51.61
-180.18 -873.01
-98.81 -834.02
56.94 367.73
-231.17 678.11
2.32 841.36
-37.43 -9.55
143.38 311.82
145.38 -256.34
120.77 -370.72
412.60 409.43
-84.05 -698.92
-137.55 39.06
272.59 691.43
266.07 765.04
254.14 411.35
517.73 398.17
542.64 642.08
-165.75 915.38
249.33 768.10
122.92 -232.63
678.26 624.87
-211.68 143.37
536.82 608.48
333.36 46.08
-53.31 -352.71
552.70 517.01
366.85 505.78
278.50 462.68
661.03 637.56
128.56 200.45
-241.64 230.07
-114.34 144.94
77.86 -83.08
-274.20 870.92
142.70 690.11
503.24 646.04
27.68 -109.16
-252.22 392.99
-137.25 467.26
-298.86 999.91
35.56 187.37
-9.28 -129.99
218.51 878.26
-5.07 -62.84
-10.57 92.55
630.63 502.95
203.37 303.07
189.06 445.33
554.54 230.22
-100.29 -792.31
-110.60 684.41
44.12 726.80
-201.93 -195.61
235.51 820.72
532.32 761.54
71.94 306.11
-43.54 -176.44
-186.87 362.73
461.51 97.34
-226.66 129.99
418.18 826.45
129.15 -276.51
91.55 -400.63
637.17 523.88
-51.55 -130.92
-219.49 380.59
-127.28 209.72
124.55 887.04
-140.13 639.86
-0.46 388.08
590.67 468.92
284.22 529.13
89.71 -32.07
148.14 -272.07
-52.77 269.52
465.61 224.81
-33.41 309.12
-109.29 -75.30
154.11 816.91
-122.73 666.00
-96.39 638.32
867.29 759.40
401.54 170.60
188.80 439.88
250.53 -330.70
-32.56 -255.83
14.03 855.14
189.81 -387.85
435.24 320.77
210.89 219.12
78.09 -62.79
-179.34 -77.97
509.29 811.40
365.46 752.03
49.64 297.42
745.40 658.94
-142.15 -186.18
74.34 49.78
-8.10 -235.72
28.12 -571.13
-102.90 443.99
-66.32 913.76
-27.11 -48.93
-227.65 268.19
-41.97 256.35
444.13 451.24
-120.13 924.59
-190.70 -491.19
-101.62 753.04
-279.13 874.69
175.81 868.62
579.91 271.12
440.68 754.07
449.93 451.53
-258.70 323.81
305.94 -121.98
139.63 687.23
149.30 439.37
295.20 -143.46
472.63 485.36
122.57 848.31
792.19 746.37
-109.98 438.73
-221.53 557.74
88.03 597.80
162.02 727.86
682.23 470.63
243.02 -103.48
-79.34 945.54
509.92 519.33
-233.22 71.90
327.02 110.31
-99.96 -764.95
-77.67 -22.44
-180.23 29.58
407.46 51.92
153.90 461.14
4.47 122.02
556.58 248.86
341.90 41.44
550.72 379.79
207.61 600.11
58.85 601.65
-177.38 -725.97
61.33 568.27
54.19 -171.09
445.93 261.02
-12.31 -14.68
593.15 430.76
-32.42 -89.75
50.04 -363.33
532.27 262.78
-0.19 -687.88
736.56 468.57
317.44 480.55
-59.21 -326.31
560.88 406.78
-33.06 450.58
-211.45 -237.30
165.71 893.45
-128.45 70.69
-179.22 -927.63
243.40 57.66
-72.39 118.14
562.61 250.72
-141.16 -486.60
-99.07 -344.80
476.90 827.04
-119.19 502.81
-153.88 -687.03
13.45 -373.79
193.11 465.42
341.65 432.42
113.14 867.55
61.20 264.54
96.06 820.99
710.84 445.91
99.80 -136.57
581.71 486.14
-33.48 -249.41
39.81 213.58
-190.49 625.93
28.79 -544.25
414.08 270.46
-128.53 -116.67
666.18 753.03
-249.43 327.54
-101.95 468.21
157.16 880.88
-209.78 -40.85
-163.84 503.33
302.66 -224.27
7.59 -71.45
104.80 72.07
801.81 536.35
299
857.83 351.46
827.54 474.55
568.91 120.24
488.04 -442.20
750.62 520.84
860.74 451.81
818.47 475.94
375.99 -94.12
394.60 19.82
795.77 257.00
812.74 632.82
472.74 458.69
335.48 -663.75
522.51 632.58
550.14 185.49
671.10 178.63
629.08 850.78
561.24 123.43
491.42 -21.45
394.79 -122.32
599.96 831.47
566.42 999.68
541.54 242.01
442.38 -55.25
794.83 485.03
558.42 258.77
428.58 -416.03
452.03 0.39
749.79 577.49
658.57 129.48
427.92 -397.02
421.08 -301.45
292.39 -663.50
443.36 -513.13
609.29 322.98
559.91 212.53
487.37 166.86
628.02 260.28
363.12 -122.03
262.85 -787.57
668.26 167.35
590.72 213.91
446.74 -55.94
733.54 269.57
827.95 570.87
634.79 -68.58
277.29 -608.50
832.10 575.51
423.12 -488.92
422.02 -40.17
437.81 -395.42
622.88 326.48
947.65 429.98
622.65 -77.03
713.29 151.46
433.54 -104.04
809.17 390.08
345.60 -455.18
506.10 213.59
496.83 621.51
803.31 434.65
658.40 451.81
617.48 386.40
512.65 683.77
499.52 -247.36
587.32 882.45
394.84 -503.23
724.48 600.93
290.02 -494.16
894.11 565.11
548.31 570.35
497.80 -64.39
602.45 41.33
753.00 336.63
740.57 283.25
386.61 -178.15
536.56 651.92
406.76 -204.33
559.57 146.09
764.26 525.06
578.75 698.33
692.95 716.25
620.50 372.18
518.90 -20.63
681.65 816.88
719.60 297.68
475.96 -413.97
639.33 771.84
383.19 -486.07
653.84 518.21
311.08 -426.65
628.42 653.31
659.26 260.07
643.61 -23.01
726.05 311.01
657.86 378.45
609.46 85.73
594.64 492.65
527.88 57.81
495.01 374.54
656.98 526.33
535.65 666.11
670.38 560.26
565.43 919.33
624.89 400.29
593.31 782.41
551.34 235.85
572.14 954.71
858.15 660.29
841.45 687.57
425.61 -18.51
401.79 -113.41
346.72 -608.60
544.32 861.00
287.04 -548.07
576.10 558.65
650.92 357.25
767.63 219.00
914.74 439.42
437.25 -451.40
583.10 116.22
746.62 663.41
591.21 727.16
736.83 369.51
434.49 -162.81
811.58 270.32
339.04 -308.72
380.78 -587.63
818.65 507.95
630.29 -122.95
407.67 -491.95
592.33 706.84
853.46 333.28
510.52 225.08
362.68 -637.71
640.33 144.22
663.35 864.04
584.74 908.70
708.21 397.36
609.45 856.17
670.00 214.80
598.47 681.95
528.87 484.34
678.41 67.54
644.98 197.65
438.99 58.45
336.25 -636.04
500.31 77.73
539.45 228.53
627.72 362.95
433.92 -208.27
603.92 938.73
682.21 582.02
559.37 -307.43
712.12 799.72
584.15 824.46
326.01 -540.12
580.31 232.34
754.79 586.40
583.31 306.33
464.80 -121.01
369.33 -283.72
369.54 -273.65
529.19 -192.70
460.26 89.07
763.09 366.48
999.93 510.65
526.51 -323.80
758.11 234.82
360.59 -253.11
561.07 -87.38
831.62 487.18
396.86 -491.62
544.28 -284.54
832.36 301.03
607.78 857.95
755.97 589.12
446.06 -87.08
807.05 211.95
907.56 458.20
564.42 380.77
936.90 458.79
516.01 568.34
233.81 -846.52
314.42 -429.94
502.03 -397.71
578.36 25.38
537.68 57.26
635.10 94.46
595.73 725.04
459.16 -33.33
882.58 328.99
535.54 302.80
709.17 580.28
481.09 -267.98
645.63 739.83
762.09 521.81
644.09 -96.87
712.98 342.50
577.14 -117.48
555.74 854.18
731.27 475.83
362.07 -622.37
706.42 641.89
527.66 686.76
930.26 479.76
702.20 89.10
578.33 409.65
560.66 449.65
793.99 709.56
585.22 -120.08
513.16 423.51
494.78 -391.33
618.93 787.07
421.71 -62.25
626.21 28.91
253.91 -697.00
800.89 461.32
741.91 444.24
527.29 390.60
464.33 420.40
302.57 -482.23
400.18 -275.93
414.14 61.87
483.62 -89.66
527.87 321.11
710.09 157.63
699.68 501.05
696.52 367.07
724.72 796.76
463.05 -139.73
379.23 -442.40
193.32 -999.90
744.43 791.45
290.01 -736.76
292.52 -539.55
433.18 -343.21
931.09 462.05
414.54 -14.23
897.86 472.19
637.78 14.62
324.94 -671.15
537.90 491.07
808.11 326.59
614.16 518.01
394.78 -578.54
656.52 868.13
238.33 -864.13
540.34 416.44
353.51 -591.91
629.87 -125.34
983.41 497.93
762.09 66.14
360.00 -124.45
493.26 135.98
410.05 -113.30
804.48 446.72
675.70 732.56
267.96 -628.23
249.87 -802.09
696.67 380.05
526.52 529.02
603.48 567.59
422.70 -159.84
368.96 -375.40
570.99 804.31
575.88 828.86
233.74 -829.79
601.10 654.54
693.99 508.16
260.55 -769.68
542.20 -303.65
823.35 437.90
391.82 -98.26
528.29 376.76
272.19 -674.65
836.31 689.40
572.31 245.84
486.20 -34.39
442.84 -295.98
528.28 409.62
532.57 -277.39
705.47 650.77
604.26 -224.53
428.46 -363.00
501.39 -250.00
519.42 -131.70
862.19 462.74
653.51 -101.04
650.36 269.77
704.50 43.47
794.17 575.44
352.88 -282.34
561.15 895.91
489.96 -417.83
739.56 187.28
451.63 -104.92
529.96 -25.82
517.64 -255.51
5
1.00 1.00
1.00 0.00
0.00 0.00
0.00 0.00
2.00 0.00
